1	1991	1268
0	1983	1274
0	1973	1277
0	1963	1283
0	1946	1286
0	1924	1289
0	1903	1298
0	1881	1307
0	1859	1319
0	1838	1334
0	1824	1358
0	1813	1379
0	1796	1415
0	1783	1460
0	1771	1505
0	1759	1550
0	1744	1604
0	1730	1664
0	1728	1739
0	1725	1814
0	1719	1886
0	1716	1967
0	1716	2045
0	1723	2120
0	1728	2168
0	1731	2219
0	1735	2273
0	1764	2330
0	1844	2390
0	1981	2447
0	2155	2507
0	2339	2570
0	2494	2645
0	2606	2720
0	2669	2789
0	2694	2852
0	2680	2909
0	2645	2978
0	2595	3044
0	2533	3101
0	2463	3161
0	2383	3224
0	2301	3290
0	2219	3362
0	2144	3437
0	2078	3509
0	2029	3575
0	2000	3647
0	1984	3719
0	1975	3785
0	1973	3848
0	1974	3905
0	1973	3959
0	1960	4013
0	1941	4067
0	1921	4095
0	1900	4095
0	1878	4095
0	1854	4095
0	1829	4095
0	1808	4095
0	1793	4095
0	1778	4095
0	1768	4095
0	1764	4095
0	1761	4095
0	1759	4095
0	1760	4095
0	1761	4095
0	1764	4095
0	1765	4095
0	1764	4095
0	1771	4095
0	1815	4095
0	1923	4095
0	2081	4049
0	2254	3965
0	2410	3881
0	2531	3794
0	2611	3701
0	2650	3602
0	2651	3506
0	2621	3425
0	2574	3353
0	2510	3278
0	2436	3197
0	2356	3116
0	2275	3038
0	2195	2954
0	2126	2870
0	2068	2792
0	2028	2717
0	2011	2648
0	2004	2585
0	2000	2531
0	2001	2474
0	1999	2423
0	1993	2375
0	1979	2324
0	1960	2273
1	1939	2228
0	1924	2174
0	1910	2117
0	1890	2066
0	1870	2030
0	1850	2006
0	1830	1976
0	1816	1937
0	1808	1919
0	1801	1910
0	1801	1886
0	1801	1838
0	1798	1784
0	1804	1730
0	1841	1679
0	1934	1637
0	2100	1592
0	2336	1547
0	2557	1505
0	2737	1475
0	2858	1448
0	2921	1412
0	2940	1373
0	2917	1337
0	2868	1316
0	2797	1307
0	2707	1301
0	2622	1289
0	2524	1274
0	2427	1253
0	2329	1241
0	2240	1235
0	2161	1223
0	2095	1208
0	2049	1196
0	2025	1187
0	2013	1178
0	2004	1175
0	1992	1166
0	1978	1160
0	1960	1151
0	1932	1142
0	1895	1133
0	1860	1124
0	1827	1121
0	1796	1124
0	1769	1118
0	1752	1118
0	1738	1121
0	1727	1133
0	1712	1142
0	1701	1145
0	1685	1160
0	1675	1193
0	1659	1220
0	1642	1232
0	1640	1214
0	1642	1181
0	1670	1148
0	1775	1127
0	1962	1109
0	2203	1088
0	2447	1076
0	2653	1070
0	2804	1070
0	2898	1064
0	2949	1055
0	2949	1046
0	2914	1049
0	2861	1055
0	2791	1067
0	2716	1070
0	2634	1076
0	2539	1079
0	2441	1091
0	2349	1106
0	2263	1124
0	2196	1133
0	2147	1139
0	2111	1142
0	2091	1145
0	2081	1148
0	2063	1154
0	2041	1157
0	2013	1160
0	1988	1160
0	1958	1160
0	1923	1166
0	1881	1172
0	1846	1178
0	1813	1187
0	1782	1187
0	1752	1193
0	1729	1199
0	1708	1211
0	1685	1220
0	1668	1223
0	1650	1229
0	1631	1235
0	1619	1250
1	1610	1268
0	1603	1277
0	1603	1304
0	1603	1340
0	1605	1370
0	1603	1367
0	1594	1340
0	1594	1307
0	1631	1277
0	1743	1268
0	1941	1268
0	2198	1268
0	2462	1280
0	2697	1307
0	2877	1340
0	2989	1376
0	3042	1409
0	3054	1451
0	3033	1499
0	2979	1559
0	2898	1625
0	2811	1682
0	2714	1745
0	2604	1811
0	2490	1880
0	2394	1955
0	2301	2030
0	2221	2099
0	2154	2168
0	2102	2237
0	2065	2306
0	2040	2375
0	2012	2438
0	1984	2501
0	1950	2564
0	1906	2627
0	1854	2693
0	1806	2765
0	1766	2834
0	1722	2909
0	1682	2981
0	1644	3050
0	1608	3122
0	1566	3194
0	1536	3269
0	1516	3347
0	1496	3413
0	1478	3479
0	1466	3545
0	1458	3623
0	1448	3704
0	1444	3761
0	1442	3806
0	1434	3842
0	1434	3881
0	1436	3905
0	1428	3923
0	1430	3941
0	1470	3956
0	1576	3962
0	1782	3956
0	2056	3941
0	2360	3923
0	2644	3902
0	2874	3869
0	3032	3818
0	3120	3758
0	3146	3695
0	3130	3638
0	3076	3584
0	2992	3518
0	2896	3449
0	2780	3377
0	2650	3308
0	2518	3230
0	2398	3155
0	2298	3074
0	2216	3002
0	2164	2930
0	2120	2855
0	2094	2789
0	2082	2720
0	2070	2651
0	2050	2588
0	2012	2522
0	1958	2459
0	1904	2399
0	1856	2342
0	1810	2282
0	1764	2231
0	1714	2174
0	1662	2117
0	1614	2072
0	1572	2036
0	1536	2012
0	1510	1979
0	1490	1946
0	1474	1922
0	1456	1910
0	1444	1883
1	1444	1829
0	1450	1775
0	1466	1718
0	1524	1670
0	1676	1631
0	1918	1589
0	2210	1544
0	2506	1508
0	2756	1481
0	2944	1460
0	3070	1427
0	3134	1391
0	3148	1358
0	3126	1340
0	3074	1331
0	3002	1322
0	2908	1307
0	2802	1295
0	2686	1280
0	2568	1265
0	2450	1259
0	2346	1250
0	2258	1244
0	2196	1232
0	2148	1223
0	2104	1214
0	2066	1211
0	2030	1202
0	1992	1193
0	1948	1184
0	1900	1178
0	1840	1172
0	1776	1166
0	1714	1160
0	1666	1157
0	1626	1160
0	1572	1157
0	1516	1157
0	1474	1163
0	1434	1172
0	1398	1178
0	1364	1190
0	1344	1205
0	1326	1244
0	1308	1271
0	1302	1280
0	1298	1259
0	1300	1223
0	1338	1187
0	1452	1163
0	1668	1148
0	1956	1127
0	2260	1109
0	2536	1103
0	2764	1103
0	2940	1100
0	3052	1091
0	3104	1082
0	3114	1088
0	3094	1097
0	3050	1109
0	2980	1121
0	2894	1124
0	2788	1127
0	2676	1133
0	2554	1145
0	2428	1160
0	2322	1169
0	2234	1178
0	2162	1181
0	2096	1184
0	2050	1190
0	2010	1196
0	1968	1202
0	1914	1205
0	1862	1205
0	1806	1205
0	1750	1208
0	1692	1217
0	1638	1220
0	1582	1226
0	1534	1238
0	1488	1247
0	1440	1250
0	1396	1256
0	1358	1268
0	1324	1286
0	1302	1304
0	1284	1325
0	1262	1358
0	1246	1400
0	1236	1415
0	1230	1412
0	1232	1391
0	1246	1376
0	1314	1373
0	1478	1382
0	1738	1400
0	2042	1418
0	2350	1454
1	2626	1505
0	2838	1559
0	2982	1607
0	3068	1658
0	3104	1715
0	3100	1784
0	3064	1859
0	3004	1928
0	2918	1994
0	2810	2057
0	2684	2132
0	2554	2216
0	2420	2300
0	2300	2387
0	2198	2471
0	2114	2558
0	2046	2651
0	1986	2735
0	1926	2813
0	1868	2888
0	1818	2963
0	1770	3032
0	1716	3104
0	1664	3182
0	1614	3254
0	1558	3332
0	1498	3410
0	1448	3479
0	1404	3545
0	1366	3623
0	1330	3704
0	1292	3797
0	1268	3869
0	1254	3920
0	1242	3968
0	1234	4016
0	1222	4058
0	1204	4091
0	1192	4095
0	1194	4095
0	1252	4095
0	1402	4095
0	1654	4095
0	1954	4095
0	2244	4095
0	2498	4095
0	2710	4095
0	2856	4079
0	2938	4028
0	2966	3980
0	2954	3938
0	2904	3881
0	2824	3815
0	2726	3743
0	2622	3665
0	2512	3581
0	2398	3494
0	2290	3416
0	2196	3335
0	2126	3254
0	2080	3176
0	2040	3098
0	2002	3020
0	1976	2945
0	1940	2873
0	1894	2795
0	1844	2726
0	1788	2654
0	1728	2579
0	1672	2507
0	1618	2447
0	1574	2405
0	1532	2375
0	1490	2336
0	1450	2300
0	1426	2267
0	1406	2240
0	1392	2186
0	1366	2120
0	1336	2054
0	1346	1997
0	1432	1946
0	1604	1895
0	1854	1841
0	2138	1790
0	2422	1748
0	2658	1709
0	2834	1667
0	2950	1616
0	3018	1568
0	3042	1529
0	3032	1508
0	2988	1490
0	2922	1469
0	2834	1448
0	2728	1427
0	2608	1409
0	2484	1391
0	2364	1373
0	2254	1355
1	2164	1331
0	2100	1310
0	2046	1301
0	2000	1286
0	1952	1271
0	1902	1250
0	1844	1235
0	1788	1217
0	1724	1205
0	1660	1196
0	1600	1184
0	1540	1169
0	1484	1163
0	1434	1169
0	1386	1181
0	1340	1184
0	1306	1199
0	1282	1229
0	1258	1253
0	1238	1256
0	1218	1235
0	1208	1199
0	1236	1163
0	1354	1139
0	1568	1121
0	1844	1103
0	2148	1088
0	2434	1082
0	2678	1082
0	2866	1073
0	2990	1058
0	3070	1052
0	3108	1052
0	3106	1061
0	3072	1067
0	3010	1076
0	2922	1073
0	2814	1076
0	2688	1082
0	2550	1088
0	2408	1100
0	2278	1109
0	2172	1115
0	2090	1118
0	2020	1124
0	1952	1130
0	1890	1139
0	1832	1142
0	1772	1139
0	1714	1142
0	1662	1145
0	1608	1145
0	1550	1151
0	1490	1154
0	1440	1166
0	1394	1166
0	1352	1166
0	1312	1175
0	1272	1193
0	1240	1211
0	1216	1226
0	1196	1247
0	1188	1286
0	1180	1316
0	1168	1313
0	1162	1286
0	1162	1244
0	1194	1208
0	1310	1184
0	1524	1166
0	1802	1148
0	2100	1136
0	2388	1133
0	2628	1136
0	2812	1133
0	2934	1121
0	3008	1115
0	3036	1121
0	3018	1136
0	2978	1148
0	2916	1154
0	2828	1160
0	2710	1166
0	2580	1175
0	2450	1190
0	2326	1205
0	2216	1220
0	2120	1232
0	2036	1244
0	1974	1259
0	1926	1277
0	1876	1301
0	1822	1328
0	1768	1364
0	1712	1403
0	1652	1448
0	1596	1499
0	1536	1556
0	1478	1616
0	1426	1676
1	1374	1745
0	1332	1820
0	1302	1889
0	1276	1952
0	1244	2018
0	1216	2099
0	1188	2195
0	1162	2285
0	1142	2363
0	1130	2450
0	1126	2534
0	1132	2603
0	1140	2657
0	1154	2717
0	1188	2777
0	1278	2837
0	1474	2894
0	1742	2945
0	2034	3002
0	2318	3065
0	2568	3131
0	2752	3188
0	2870	3236
0	2928	3284
0	2936	3341
0	2908	3404
0	2856	3455
0	2786	3500
0	2698	3545
0	2594	3599
0	2472	3653
0	2352	3704
0	2244	3752
0	2150	3788
0	2078	3818
0	2024	3842
0	1986	3851
0	1960	3848
0	1926	3836
0	1890	3806
0	1850	3767
0	1798	3722
0	1748	3671
0	1698	3611
0	1650	3548
0	1604	3485
0	1558	3419
0	1512	3344
0	1478	3275
0	1456	3218
0	1432	3173
0	1414	3131
0	1408	3074
0	1398	3008
0	1384	2954
0	1368	2894
0	1366	2807
0	1362	2717
0	1364	2630
0	1388	2552
0	1480	2480
0	1674	2408
0	1932	2336
0	2200	2276
0	2448	2222
0	2652	2174
0	2788	2126
0	2864	2066
0	2890	2003
0	2870	1946
0	2816	1909
0	2742	1864
0	2652	1826
0	2556	1778
0	2446	1733
0	2336	1684
0	2234	1643
0	2148	1598
0	2072	1553
0	2016	1508
0	1986	1470
0	1966	1436
0	1946	1403
0	1928	1365
0	1902	1339
0	1872	1309
0	1836	1279
0	1802	1249
0	1762	1219
0	1722	1193
0	1680	1174
0	1638	1155
0	1598	1136
0	1554	1129
0	1520	1121
0	1498	1099
0	1482	1091
0	1466	1084
0	1454	1091
0	1436	1103
1	1420	1110
0	1412	1133
0	1414	1174
0	1418	1185
0	1422	1166
0	1426	1125
0	1448	1076
0	1530	1039
0	1708	1013
0	1974	990
0	2274	964
0	2550	956
0	2778	949
0	2944	941
0	3048	930
0	3092	919
0	3092	911
0	3052	919
0	2988	934
0	2916	938
0	2834	938
0	2730	941
0	2608	945
0	2490	964
0	2392	979
0	2340	990
0	2322	990
0	2332	998
0	2352	1001
0	2366	1009
0	2368	1013
0	2354	1016
0	2322	1020
0	2266	1020
0	2190	1020
0	2094	1024
0	1992	1035
0	1900	1043
0	1816	1050
0	1748	1054
0	1682	1054
0	1622	1061
0	1572	1076
0	1534	1084
0	1504	1088
0	1476	1091
0	1452	1099
0	1428	1121
0	1410	1148
0	1402	1163
0	1396	1196
0	1386	1238
0	1386	1260
0	1386	1245
0	1388	1204
0	1394	1151
0	1440	1106
0	1572	1080
0	1804	1050
0	2096	1028
0	2394	1013
0	2654	1013
0	2850	1016
0	2982	1009
0	3048	998
0	3052	990
0	3024	1001
0	2982	1020
0	2914	1039
0	2828	1054
0	2730	1061
0	2620	1073
0	2492	1084
0	2368	1103
0	2260	1121
0	2180	1129
0	2116	1133
0	2070	1140
0	2036	1151
0	2004	1155
0	1972	1170
0	1940	1174
0	1906	1178
0	1872	1181
0	1834	1189
0	1790	1196
0	1750	1204
0	1702	1215
0	1660	1219
0	1626	1223
0	1590	1238
0	1546	1245
0	1508	1253
0	1472	1253
0	1448	1268
0	1432	1290
0	1420	1316
0	1410	1335
0	1404	1365
0	1400	1406
1	1396	1421
0	1400	1406
0	1408	1369
0	1424	1328
0	1464	1298
0	1580	1283
0	1792	1275
0	2074	1260
0	2368	1253
0	2628	1253
0	2838	1249
0	2980	1241
0	3060	1219
0	3090	1200
0	3074	1200
0	3028	1215
0	2970	1238
0	2892	1253
0	2796	1271
0	2686	1290
0	2566	1313
0	2434	1335
0	2312	1346
0	2214	1354
0	2146	1361
0	2090	1376
0	2046	1399
0	2012	1414
0	1980	1433
0	1938	1436
0	1894	1440
0	1850	1444
0	1804	1451
0	1758	1459
0	1712	1459
0	1664	1455
0	1630	1451
0	1608	1459
0	1600	1489
0	1602	1511
0	1612	1526
0	1618	1553
0	1610	1579
0	1592	1579
0	1570	1553
0	1550	1508
0	1534	1463
0	1552	1429
0	1644	1399
0	1822	1369
0	2058	1335
0	2306	1309
0	2528	1301
0	2692	1298
0	2788	1283
0	2838	1264
0	2844	1256
0	2820	1264
0	2776	1279
0	2710	1290
0	2628	1298
0	2524	1305
0	2414	1320
0	2306	1331
0	2210	1346
0	2128	1354
0	2056	1358
0	2006	1358
0	1974	1361
0	1946	1365
0	1920	1373
0	1892	1380
0	1858	1380
0	1832	1376
0	1800	1380
0	1764	1388
0	1722	1414
0	1676	1436
0	1636	1463
0	1600	1496
0	1562	1526
0	1528	1534
0	1496	1511
0	1470	1470
0	1456	1421
0	1484	1388
0	1584	1361
0	1768	1339
0	2008	1316
0	2262	1305
0	2482	1301
0	2650	1298
0	2762	1290
0	2830	1279
0	2854	1275
0	2840	1286
0	2794	1305
0	2726	1313
0	2644	1320
0	2548	1331
1	2438	1343
0	2324	1361
0	2216	1380
0	2126	1395
0	2054	1403
0	2000	1406
0	1958	1414
0	1918	1418
0	1888	1425
0	1866	1436
0	1832	1440
0	1794	1440
0	1748	1444
0	1708	1455
0	1666	1474
0	1622	1500
0	1580	1530
0	1534	1564
0	1490	1605
0	1462	1620
0	1442	1605
0	1416	1564
0	1384	1515
0	1402	1478
0	1498	1444
0	1682	1418
0	1930	1395
0	2186	1380
0	2428	1376
0	2622	1376
0	2758	1369
0	2832	1358
0	2864	1354
0	2858	1365
0	2818	1380
0	2762	1391
0	2686	1399
0	2592	1403
0	2482	1410
0	2366	1429
0	2248	1448
0	2138	1463
0	2054	1470
0	1998	1474
0	1958	1485
0	1928	1493
0	1904	1500
0	1870	1504
0	1830	1508
0	1786	1519
0	1744	1523
0	1704	1530
0	1662	1538
0	1612	1545
0	1556	1556
0	1504	1564
0	1460	1571
0	1424	1594
0	1398	1620
0	1380	1661
0	1366	1703
0	1350	1755
0	1334	1834
0	1322	1883
0	1310	1901
0	1304	1909
0	1320	1920
0	1378	1950
0	1516	1995
0	1742	2044
0	2026	2104
0	2320	2175
0	2582	2258
0	2782	2336
0	2916	2411
0	2986	2486
0	3010	2569
0	2992	2659
0	2930	2749
0	2846	2835
0	2748	2914
0	2640	3004
0	2520	3098
0	2396	3191
0	2276	3289
0	2170	3383
0	2086	3476
0	2024	3578
0	1978	3679
0	1944	3776
0	1914	3874
0	1882	3971
0	1850	4058
0	1812	4095
0	1770	4095
0	1724	4095
0	1672	4095
0	1620	4095
0	1566	4095
0	1514	4095
1	1466	4095
0	1430	4095
0	1400	4095
0	1374	4095
0	1350	4095
0	1338	4095
0	1326	4095
0	1312	4095
0	1306	4095
0	1304	4095
0	1310	4095
0	1316	4095
0	1312	4095
0	1310	4095
0	1324	4095
0	1392	4095
0	1562	4095
0	1828	4095
0	2130	4095
0	2426	4095
0	2686	4095
0	2884	4095
0	3018	4095
0	3080	4095
0	3082	4095
0	3040	4095
0	2974	4095
0	2882	4095
0	2766	4095
0	2642	4095
0	2516	4095
0	2392	4095
0	2282	4095
0	2196	4001
0	2144	3896
0	2106	3795
0	2080	3694
0	2054	3593
0	2026	3488
0	1994	3386
0	1954	3289
0	1902	3195
0	1854	3105
0	1800	3015
0	1748	2933
0	1688	2858
0	1634	2783
0	1586	2711
0	1544	2640
0	1512	2565
0	1490	2509
0	1466	2468
0	1444	2430
0	1424	2381
0	1418	2340
0	1418	2310
0	1414	2269
0	1408	2198
0	1400	2115
0	1404	2044
0	1458	1984
0	1614	1928
0	1866	1868
0	2162	1811
0	2464	1759
0	2728	1714
0	2934	1669
0	3074	1620
0	3148	1564
0	3168	1511
0	3148	1478
0	3098	1451
0	3012	1421
0	2916	1391
0	2818	1361
0	2710	1331
0	2590	1316
0	2470	1298
0	2358	1279
0	2266	1256
0	2186	1234
0	2126	1215
0	2078	1200
0	2038	1189
0	1992	1174
0	1934	1159
0	1886	1144
0	1834	1136
0	1774	1129
0	1720	1121
0	1668	1118
0	1614	1106
0	1564	1106
0	1524	1106
0	1484	1099
0	1446	1099
0	1408	1106
0	1374	1103
0	1352	1095
0	1338	1091
1	1318	1103
0	1300	1118
0	1290	1129
0	1278	1151
0	1270	1196
0	1264	1241
0	1270	1249
0	1272	1226
0	1278	1181
0	1306	1129
0	1416	1088
0	1642	1058
0	1958	1028
0	2304	1005
0	2632	998
0	2914	998
0	3130	994
0	3272	986
0	3338	983
0	3350	983
0	3322	998
0	3254	1013
0	3158	1024
0	3050	1028
0	2932	1031
0	2802	1043
0	2666	1061
0	2530	1076
0	2410	1095
0	2306	1099
0	2222	1106
0	2156	1118
0	2102	1125
0	2036	1136
0	1998	1144
0	1950	1148
0	1902	1155
0	1854	1155
0	1796	1166
0	1728	1174
0	1664	1185
0	1604	1193
0	1556	1200
0	1508	1208
0	1464	1211
0	1420	1219
0	1386	1234
0	1352	1256
0	1314	1268
0	1282	1279
0	1276	1294
0	1270	1335
0	1258	1388
0	1240	1448
0	1232	1508
0	1230	1590
0	1226	1658
0	1224	1703
0	1222	1733
0	1226	1778
0	1258	1830
0	1372	1894
0	1606	1958
0	1924	2018
0	2282	2084
0	2628	2156
0	2916	2228
0	3130	2300
0	3266	2372
0	3336	2438
0	3350	2516
0	3320	2591
0	3256	2663
0	3168	2735
0	3052	2813
0	2930	2891
0	2792	2975
0	2642	3065
0	2496	3152
0	2366	3242
0	2260	3344
0	2186	3458
0	2134	3575
0	2086	3686
0	2042	3776
0	1996	3854
0	1954	3926
0	1904	3998
0	1840	4073
0	1770	4095
0	1698	4095
0	1632	4095
0	1568	4095
0	1504	4095
0	1444	4095
0	1400	4095
0	1360	4095
0	1324	4095
0	1288	4095
0	1260	4095
1	1232	4095
0	1218	4095
0	1216	4095
0	1212	4095
0	1212	4095
0	1214	4095
0	1218	4095
0	1224	4095
0	1274	4095
0	1420	4095
0	1676	4095
0	2012	4095
0	2364	4095
0	2688	4095
0	2948	4095
0	3144	4095
0	3262	4095
0	3304	4095
0	3292	4095
0	3238	4095
0	3152	4095
0	3042	4095
0	2906	4095
0	2746	4095
0	2576	4095
0	2432	4095
0	2316	4095
0	2220	4095
0	2150	4028
0	2108	3953
0	2082	3872
0	2052	3785
0	2014	3698
0	1962	3608
0	1910	3512
0	1866	3422
0	1816	3341
0	1760	3251
0	1698	3158
0	1646	3074
0	1596	3008
0	1550	2963
0	1506	2921
0	1462	2870
0	1422	2825
0	1396	2783
0	1384	2732
0	1372	2663
0	1362	2588
0	1352	2519
0	1384	2453
0	1500	2399
0	1732	2339
0	2040	2270
0	2382	2207
0	2704	2159
0	2970	2111
0	3176	2060
0	3314	2000
0	3380	1946
0	3394	1913
0	3362	1886
0	3304	1853
0	3230	1820
0	3122	1781
0	2988	1739
0	2844	1706
0	2696	1667
0	2552	1631
0	2420	1595
0	2306	1559
0	2212	1523
0	2136	1487
0	2076	1460
0	2018	1427
0	1956	1391
0	1892	1352
0	1826	1319
0	1754	1292
0	1680	1268
0	1602	1241
0	1524	1217
0	1454	1193
0	1390	1178
0	1332	1172
0	1284	1163
0	1250	1157
0	1224	1166
0	1202	1187
0	1182	1181
0	1160	1154
0	1138	1112
0	1146	1070
0	1226	1031
0	1408	1010
0	1688	989
0	2020	965
0	2354	950
0	2658	944
0	2910	932
1	3104	920
0	3238	908
0	3312	896
0	3334	902
0	3318	911
0	3274	917
0	3192	917
0	3074	917
0	2932	917
0	2766	923
0	2594	932
0	2436	938
0	2298	941
0	2186	941
0	2100	941
0	2026	944
0	1956	947
0	1890	953
0	1816	956
0	1746	956
0	1680	956
0	1610	953
0	1544	959
0	1478	962
0	1410	968
0	1346	974
0	1282	983
0	1230	989
0	1186	989
0	1150	998
0	1128	1016
0	1106	1031
0	1088	1043
0	1080	1073
0	1070	1109
0	1062	1133
0	1056	1124
0	1058	1094
0	1076	1055
0	1136	1022
0	1292	998
0	1552	977
0	1894	959
0	2262	950
0	2610	947
0	2906	950
0	3142	947
0	3310	941
0	3410	944
0	3458	953
0	3452	971
0	3404	983
0	3324	989
0	3206	992
0	3050	998
0	2880	1013
0	2698	1037
0	2522	1061
0	2364	1079
0	2236	1094
0	2128	1115
0	2046	1145
0	1980	1178
0	1924	1211
0	1868	1256
0	1806	1301
0	1742	1352
0	1676	1406
0	1610	1469
0	1538	1535
0	1474	1607
0	1412	1679
0	1348	1748
0	1290	1820
0	1238	1889
0	1206	1964
0	1172	2042
0	1140	2114
0	1112	2183
0	1092	2255
0	1072	2336
0	1052	2429
0	1040	2510
0	1036	2582
0	1038	2663
0	1044	2735
0	1060	2795
0	1072	2849
0	1080	2903
0	1112	2966
0	1232	3026
0	1470	3080
0	1798	3131
0	2170	3191
0	2536	3257
0	2872	3323
0	3154	3383
0	3354	3434
0	3474	3482
0	3538	3542
1	3546	3608
0	3498	3662
0	3414	3716
0	3296	3761
0	3152	3815
0	2990	3872
0	2814	3926
0	2642	3974
0	2480	4022
0	2352	4064
0	2256	4095
0	2178	4095
0	2110	4095
0	2056	4095
0	1992	4095
0	1922	4095
0	1846	4095
0	1770	4064
0	1692	4028
0	1614	3983
0	1546	3935
0	1482	3881
0	1420	3830
0	1372	3776
0	1332	3710
0	1298	3635
0	1270	3563
0	1250	3503
0	1232	3449
0	1214	3374
0	1198	3278
0	1190	3194
0	1190	3107
0	1180	3017
0	1178	2915
0	1182	2825
0	1204	2738
0	1286	2663
0	1474	2582
0	1764	2495
0	2112	2420
0	2478	2357
0	2810	2297
0	3080	2231
0	3286	2156
0	3416	2090
0	3478	2039
0	3484	2006
0	3436	1976
0	3348	1940
0	3226	1901
0	3078	1856
0	2902	1811
0	2720	1766
0	2550	1712
0	2400	1658
0	2284	1613
0	2190	1568
0	2114	1535
0	2046	1499
0	1976	1466
0	1910	1433
0	1846	1403
0	1784	1373
0	1718	1349
0	1654	1319
0	1588	1295
0	1516	1271
0	1442	1250
0	1378	1229
0	1320	1202
0	1280	1181
0	1248	1166
0	1220	1166
0	1194	1163
0	1164	1160
0	1140	1175
0	1122	1196
0	1098	1196
0	1082	1169
0	1074	1130
0	1102	1091
0	1204	1055
0	1408	1028
0	1720	1010
0	2086	986
0	2458	977
0	2818	974
0	3128	968
0	3370	956
0	3532	941
0	3614	935
0	3634	941
0	3600	956
0	3524	965
0	3418	965
0	3284	965
0	3116	971
0	2934	980
0	2746	989
1	2564	998
0	2398	1004
0	2262	1007
0	2152	1010
0	2058	1013
0	1966	1016
0	1884	1022
0	1812	1022
0	1748	1025
0	1680	1025
0	1610	1028
0	1538	1034
0	1452	1040
0	1378	1040
0	1314	1049
0	1256	1052
0	1206	1061
0	1160	1070
0	1116	1070
0	1078	1070
0	1046	1079
0	1020	1097
0	1000	1109
0	986	1121
0	986	1145
0	988	1181
0	990	1196
0	992	1190
0	998	1157
0	1024	1118
0	1096	1082
0	1266	1058
0	1548	1037
0	1922	1019
0	2326	1010
0	2714	1010
0	3054	1013
0	3326	1007
0	3518	1004
0	3634	998
0	3676	1007
0	3654	1025
0	3586	1034
0	3490	1043
0	3350	1049
0	3170	1058
0	2966	1073
0	2770	1091
0	2594	1112
0	2432	1124
0	2294	1136
0	2174	1148
0	2076	1163
0	2002	1181
0	1940	1205
0	1870	1226
0	1798	1250
0	1730	1283
0	1656	1322
0	1580	1367
0	1500	1421
0	1432	1472
0	1368	1532
0	1304	1595
0	1244	1664
0	1184	1727
0	1126	1796
0	1082	1862
0	1044	1943
0	1016	2030
0	988	2111
0	972	2186
0	960	2273
0	956	2348
0	952	2405
0	948	2456
0	962	2513
0	996	2576
0	1106	2639
0	1336	2702
0	1672	2759
0	2064	2825
0	2470	2897
0	2846	2975
0	3152	3038
0	3376	3098
0	3522	3152
0	3594	3215
0	3594	3281
0	3548	3350
0	3454	3404
0	3322	3464
0	3160	3530
0	2974	3602
0	2776	3674
0	2586	3740
0	2420	3803
0	2282	3863
0	2174	3920
0	2082	3974
1	2004	4019
0	1934	4067
0	1874	4095
0	1810	4095
0	1740	4095
0	1662	4095
0	1580	4095
0	1504	4095
0	1428	4095
0	1348	4095
0	1284	4095
0	1232	4095
0	1186	4095
0	1148	4095
0	1116	4095
0	1094	4043
0	1080	3959
0	1066	3869
0	1054	3770
0	1044	3656
0	1042	3530
0	1048	3416
0	1068	3308
0	1156	3209
0	1350	3116
0	1654	3023
0	2028	2945
0	2371	2882
0	2686	2813
0	2947	2741
0	3143	2657
0	3274	2582
0	3337	2522
0	3336	2468
0	3281	2411
0	3192	2351
0	3064	2291
0	2912	2234
0	2748	2177
0	2578	2123
0	2419	2069
0	2282	2023
0	2177	1985
0	2097	1949
0	2030	1913
0	1974	1879
0	1927	1843
0	1878	1807
0	1827	1775
0	1773	1744
0	1720	1712
0	1663	1683
0	1593	1654
0	1523	1627
0	1454	1598
0	1400	1577
0	1358	1566
0	1316	1557
0	1281	1544
0	1251	1532
0	1227	1537
0	1211	1541
0	1201	1530
0	1195	1503
0	1188	1467
0	1199	1431
0	1281	1404
0	1460	1384
0	1733	1361
0	2074	1343
0	2426	1330
0	2749	1323
0	3021	1314
0	3224	1303
0	3367	1287
0	3444	1278
0	3460	1278
0	3423	1285
0	3350	1287
0	3246	1285
0	3115	1285
0	2956	1283
0	2783	1285
0	2608	1287
0	2443	1292
0	2294	1292
0	2175	1289
0	2074	1289
0	1988	1292
0	1916	1292
0	1850	1294
0	1787	1292
0	1726	1292
0	1663	1289
0	1593	1289
0	1524	1289
0	1460	1292
0	1391	1294
0	1330	1298
0	1278	1305
1	1234	1303
0	1194	1305
0	1160	1312
0	1131	1323
0	1103	1332
0	1085	1341
0	1075	1359
0	1069	1384
0	1071	1400
0	1078	1393
0	1089	1370
0	1103	1343
0	1159	1321
0	1311	1307
0	1570	1296
0	1899	1283
0	2259	1276
0	2609	1276
0	2916	1278
0	3164	1276
0	3337	1271
0	3437	1269
0	3476	1276
0	3458	1287
0	3400	1298
0	3311	1301
0	3190	1303
0	3038	1310
0	2861	1316
0	2676	1330
0	2497	1339
0	2328	1350
0	2184	1352
0	2081	1359
0	2016	1364
0	1970	1370
0	1928	1377
0	1890	1382
0	1850	1382
0	1804	1384
0	1758	1388
0	1711	1393
0	1669	1395
0	1628	1402
0	1589	1409
0	1551	1415
0	1514	1424
0	1481	1431
0	1450	1440
0	1428	1447
0	1414	1456
0	1403	1472
0	1391	1483
0	1384	1494
0	1380	1514
0	1379	1546
0	1378	1582
0	1379	1618
0	1380	1658
0	1385	1710
0	1389	1757
0	1399	1787
0	1406	1805
0	1420	1820
0	1454	1850
0	1544	1883
0	1716	1922
0	1956	1960
0	2224	2007
0	2486	2057
0	2719	2111
0	2909	2160
0	3051	2203
0	3139	2246
0	3181	2295
0	3188	2347
0	3160	2399
0	3100	2450
0	3015	2502
0	2905	2554
0	2770	2612
0	2624	2671
0	2484	2727
0	2358	2779
0	2256	2833
0	2176	2887
0	2110	2941
0	2054	2990
0	2004	3038
0	1959	3080
0	1911	3123
0	1865	3166
0	1818	3211
0	1769	3254
0	1719	3299
0	1671	3337
0	1630	3377
0	1594	3416
0	1560	3449
0	1530	3483
1	1505	3512
0	1481	3535
0	1461	3546
0	1443	3553
0	1426	3555
0	1419	3562
0	1415	3560
0	1411	3533
0	1414	3485
0	1423	3438
0	1430	3384
0	1444	3317
0	1460	3240
0	1475	3164
0	1499	3089
0	1566	3017
0	1710	2948
0	1923	2880
0	2171	2819
0	2416	2765
0	2640	2714
0	2823	2655
0	2948	2597
0	3026	2545
0	3060	2500
0	3051	2462
0	3008	2419
0	2935	2376
0	2843	2336
0	2729	2293
0	2606	2250
0	2483	2207
0	2369	2165
0	2271	2124
0	2196	2086
0	2139	2050
0	2094	2014
0	2059	1978
0	2024	1940
0	1984	1906
0	1941	1872
0	1903	1843
0	1864	1811
0	1818	1784
0	1766	1757
0	1724	1728
0	1688	1701
0	1651	1676
0	1616	1656
0	1579	1638
0	1548	1618
0	1521	1595
0	1500	1580
0	1480	1575
0	1464	1571
0	1454	1564
0	1448	1566
0	1441	1577
0	1438	1582
0	1440	1573
0	1445	1553
0	1456	1528
0	1493	1501
0	1589	1481
0	1766	1460
0	2004	1442
0	2265	1427
0	2515	1415
0	2735	1404
0	2913	1395
0	3043	1379
0	3123	1368
0	3153	1361
0	3141	1364
0	3101	1366
0	3041	1366
0	2958	1364
0	2849	1366
0	2724	1368
0	2593	1370
0	2468	1377
0	2356	1377
0	2263	1375
0	2181	1375
0	2111	1377
0	2059	1377
0	2014	1377
0	1971	1377
0	1930	1377
0	1885	1377
0	1836	1377
0	1788	1377
0	1739	1379
0	1689	1382
0	1646	1384
0	1608	1386
0	1569	1388
0	1531	1395
0	1495	1397
0	1469	1400
1	1449	1402
0	1430	1406
0	1415	1411
0	1401	1411
0	1386	1413
0	1376	1422
0	1374	1433
0	1374	1442
0	1374	1454
0	1380	1476
0	1389	1496
0	1394	1501
0	1400	1483
0	1413	1456
0	1436	1427
0	1500	1404
0	1645	1386
0	1871	1373
0	2141	1357
0	2415	1352
0	2669	1357
0	2883	1355
0	3045	1352
0	3151	1350
0	3205	1352
0	3215	1361
0	3190	1373
0	3138	1379
0	3055	1386
0	2948	1391
0	2820	1400
0	2688	1413
0	2554	1424
0	2428	1431
0	2315	1436
0	2220	1440
0	2143	1447
0	2084	1454
0	2036	1460
0	1995	1465
0	1958	1472
0	1915	1474
0	1876	1481
0	1835	1487
0	1790	1494
0	1743	1503
0	1695	1519
0	1649	1532
0	1606	1553
0	1571	1573
0	1534	1595
0	1505	1620
0	1480	1647
0	1459	1683
0	1443	1721
0	1421	1757
0	1403	1791
0	1396	1834
0	1393	1888
0	1388	1944
0	1383	1998
0	1380	2057
0	1383	2120
0	1385	2171
0	1388	2207
0	1390	2243
0	1405	2277
0	1451	2315
0	1561	2354
0	1764	2396
0	2028	2441
0	2314	2491
0	2588	2547
0	2818	2603
0	2998	2651
0	3126	2696
0	3203	2738
0	3229	2788
0	3209	2837
0	3154	2885
0	3071	2927
0	2964	2970
0	2834	3017
0	2698	3071
0	2563	3130
0	2435	3184
0	2318	3236
0	2224	3292
0	2154	3348
0	2099	3400
0	2058	3447
0	2014	3490
0	1973	3528
0	1934	3564
0	1893	3600
0	1849	3636
0	1799	3670
0	1743	3704
0	1693	3735
0	1650	3764
1	1610	3791
0	1569	3805
0	1536	3805
0	1510	3794
0	1486	3778
0	1463	3767
0	1444	3744
0	1430	3697
0	1420	3632
0	1419	3569
0	1420	3506
0	1425	3425
0	1429	3341
0	1435	3258
0	1451	3177
0	1519	3098
0	1669	3020
0	1895	2941
0	2161	2869
0	2421	2808
0	2654	2747
0	2845	2680
0	2976	2610
0	3050	2547
0	3070	2498
0	3046	2455
0	2998	2412
0	2924	2369
0	2824	2329
0	2703	2288
0	2570	2250
0	2438	2207
0	2315	2167
0	2209	2129
0	2129	2093
0	2071	2061
0	2031	2030
0	2004	1996
0	1974	1962
0	1941	1926
0	1906	1892
0	1863	1859
0	1815	1827
0	1769	1796
0	1718	1769
0	1666	1739
0	1619	1708
0	1578	1681
0	1544	1663
0	1514	1652
0	1489	1638
0	1469	1625
0	1451	1627
0	1441	1631
0	1438	1627
0	1438	1607
0	1431	1573
0	1435	1537
0	1469	1508
0	1575	1483
0	1769	1463
0	2018	1440
0	2283	1420
0	2534	1409
0	2750	1397
0	2921	1386
0	3043	1373
0	3115	1359
0	3138	1355
0	3119	1357
0	3074	1364
0	3004	1366
0	2914	1361
0	2800	1361
0	2671	1361
0	2535	1366
0	2405	1370
0	2285	1370
0	2184	1368
0	2103	1366
0	2041	1368
0	1991	1373
0	1948	1375
0	1904	1375
0	1863	1370
0	1813	1370
0	1764	1370
0	1718	1370
0	1673	1373
0	1626	1375
0	1584	1377
0	1544	1375
0	1506	1379
0	1473	1393
0	1439	1404
0	1409	1413
0	1389	1427
0	1374	1451
0	1361	1474
0	1358	1476
1	1354	1460
0	1355	1438
0	1378	1411
0	1450	1395
0	1598	1384
0	1816	1368
0	2073	1359
0	2333	1357
0	2569	1359
0	2770	1357
0	2916	1352
0	3010	1346
0	3056	1348
0	3059	1357
0	3028	1368
0	2970	1375
0	2893	1377
0	2794	1382
0	2666	1388
0	2531	1400
0	2404	1411
0	2285	1420
0	2185	1424
0	2104	1431
0	2041	1438
0	1984	1445
0	1935	1451
0	1898	1456
0	1864	1458
0	1821	1458
0	1779	1460
0	1734	1465
0	1690	1469
0	1650	1474
0	1604	1478
0	1555	1483
0	1516	1490
0	1488	1496
0	1459	1505
0	1434	1508
0	1414	1517
0	1400	1523
0	1385	1537
0	1369	1553
0	1361	1568
0	1363	1591
0	1365	1618
0	1370	1636
0	1380	1636
0	1390	1625
0	1404	1611
0	1439	1607
0	1530	1611
0	1705	1625
0	1949	1647
0	2225	1672
0	2489	1710
0	2723	1746
0	2909	1780
0	3045	1816
0	3130	1852
0	3164	1897
0	3155	1949
0	3114	1996
0	3041	2045
0	2943	2126
0	2824	2216
0	2686	2310
0	2546	2408
0	2414	2505
0	2295	2603
0	2199	2693
0	2124	2798
0	2059	2895
0	2006	2993
0	1960	3083
0	1919	3173
0	1881	3255
0	1841	3345
0	1796	3428
0	1749	3518
0	1700	3611
0	1656	3705
0	1614	3791
0	1570	3885
0	1534	3986
0	1500	4080
0	1474	4095
0	1446	4095
0	1426	4095
0	1409	4095
0	1396	4095
0	1389	4095
0	1385	4095
0	1385	4095
0	1388	4095
0	1389	4095
0	1396	4095
0	1405	4095
0	1419	4095
1	1441	4095
0	1506	4095
0	1650	4095
0	1868	4095
0	2128	4065
0	2395	3964
0	2638	3851
0	2843	3720
0	2994	3589
0	3091	3454
0	3135	3349
0	3131	3259
0	3084	3169
0	3011	3079
0	2913	2985
0	2790	2895
0	2656	2805
0	2523	2711
0	2398	2621
0	2289	2531
0	2206	2456
0	2146	2378
0	2100	2303
0	2060	2228
0	2024	2153
0	1989	2085
0	1953	2018
0	1910	1954
0	1864	1890
0	1814	1830
0	1764	1774
0	1711	1718
0	1663	1669
0	1618	1620
0	1574	1579
0	1538	1538
0	1503	1500
0	1479	1466
0	1458	1444
0	1444	1425
0	1439	1406
0	1439	1399
0	1436	1414
0	1439	1425
0	1445	1395
0	1445	1350
0	1448	1294
0	1470	1238
0	1546	1196
0	1708	1159
0	1944	1121
0	2219	1088
0	2493	1069
0	2735	1054
0	2935	1035
0	3079	1016
0	3168	990
0	3204	979
0	3195	986
0	3154	990
0	3085	998
0	2989	994
0	2875	986
0	2746	990
0	2609	998
0	2468	1001
0	2334	1005
0	2224	1005
0	2135	1005
0	2068	1001
0	2010	1005
0	1964	1009
0	1918	1009
0	1870	1009
0	1826	1009
0	1781	1005
0	1735	1005
0	1686	1009
0	1639	1016
0	1594	1024
0	1549	1031
0	1506	1035
0	1469	1043
0	1438	1046
0	1408	1054
0	1386	1061
0	1371	1069
0	1361	1076
0	1350	1076
0	1341	1084
0	1338	1103
0	1334	1121
0	1334	1136
0	1339	1174
0	1344	1215
0	1353	1230
0	1363	1208
0	1374	1170
0	1393	1121
0	1455	1076
1	1591	1050
0	1814	1024
0	2093	1005
0	2393	990
0	2674	994
0	2914	994
0	3096	986
0	3224	979
0	3295	975
0	3314	986
0	3290	1009
0	3233	1020
0	3146	1028
0	3041	1031
0	2914	1035
0	2770	1054
0	2623	1076
0	2486	1095
0	2364	1103
0	2265	1110
0	2186	1118
0	2125	1125
0	2071	1136
0	2018	1151
0	1968	1155
0	1919	1159
0	1865	1163
0	1811	1166
0	1761	1170
0	1709	1174
0	1656	1185
0	1609	1189
0	1569	1200
0	1524	1208
0	1481	1219
0	1444	1226
0	1410	1234
0	1379	1241
0	1356	1249
0	1339	1256
0	1326	1271
0	1321	1283
0	1318	1290
0	1314	1301
0	1314	1313
0	1314	1339
0	1315	1365
0	1321	1395
0	1334	1444
0	1351	1500
0	1366	1541
0	1380	1560
0	1396	1568
0	1418	1571
0	1469	1594
0	1595	1631
0	1814	1680
0	2103	1740
0	2419	1811
0	2724	1894
0	2984	1980
0	3194	2059
0	3340	2130
0	3415	2201
0	3433	2288
0	3409	2385
0	3345	2471
0	3245	2550
0	3119	2633
0	2976	2723
0	2821	2816
0	2665	2910
0	2525	3004
0	2409	3094
0	2319	3184
0	2246	3281
0	2189	3368
0	2139	3454
0	2085	3525
0	2036	3600
0	1979	3671
0	1908	3746
0	1836	3818
0	1776	3893
0	1715	3964
0	1650	4028
0	1596	4091
0	1548	4095
0	1500	4095
0	1456	4095
0	1416	4095
0	1386	4095
0	1366	4095
0	1353	4095
0	1341	4095
0	1329	4095
0	1321	4095
0	1325	4095
0	1330	4095
0	1335	4095
1	1340	4095
0	1345	4073
0	1355	3968
0	1370	3855
0	1384	3746
0	1409	3638
0	1489	3536
0	1656	3424
0	1913	3308
0	2216	3199
0	2524	3094
0	2803	2996
0	3028	2884
0	3189	2775
0	3284	2666
0	3320	2584
0	3303	2516
0	3236	2456
0	3131	2396
0	3000	2333
0	2856	2269
0	2704	2201
0	2551	2130
0	2413	2066
0	2293	1995
0	2199	1931
0	2128	1871
0	2076	1815
0	2033	1763
0	1991	1703
0	1956	1650
0	1923	1605
0	1885	1556
0	1844	1515
0	1799	1474
0	1749	1433
0	1696	1395
0	1644	1361
0	1595	1335
0	1550	1313
0	1508	1286
0	1473	1268
0	1444	1245
0	1415	1234
0	1395	1230
0	1381	1219
0	1370	1223
0	1365	1249
0	1365	1271
0	1366	1264
0	1369	1226
0	1378	1178
0	1414	1125
0	1513	1084
0	1704	1054
0	1974	1024
0	2281	1001
0	2588	983
0	2864	983
0	3088	975
0	3245	964
0	3339	953
0	3374	949
0	3360	960
0	3308	979
0	3226	994
0	3123	1001
0	2999	1005
0	2855	1013
0	2696	1028
0	2533	1043
0	2380	1058
0	2246	1058
0	2140	1061
0	2063	1069
0	2003	1076
0	1954	1084
0	1908	1088
0	1863	1091
0	1808	1091
0	1751	1091
0	1694	1095
0	1639	1099
0	1590	1106
0	1544	1114
0	1500	1118
0	1458	1125
0	1425	1140
0	1395	1144
0	1371	1148
0	1350	1159
0	1329	1166
0	1308	1181
0	1294	1200
0	1283	1215
0	1280	1245
0	1284	1283
0	1290	1301
0	1299	1283
0	1315	1241
1	1334	1189
0	1379	1140
0	1500	1114
0	1715	1088
0	2003	1061
0	2319	1050
0	2626	1046
0	2895	1050
0	3108	1046
0	3255	1039
0	3341	1031
0	3364	1046
0	3340	1065
0	3278	1084
0	3183	1091
0	3070	1095
0	2941	1103
0	2796	1121
0	2644	1136
0	2494	1163
0	2355	1170
0	2239	1174
0	2148	1181
0	2069	1193
0	2004	1208
0	1946	1219
0	1901	1223
0	1855	1226
0	1808	1226
0	1761	1226
0	1711	1230
0	1659	1241
0	1608	1245
0	1563	1249
0	1523	1256
0	1481	1264
0	1441	1275
0	1406	1286
0	1384	1290
0	1365	1294
0	1349	1305
0	1333	1316
0	1315	1339
0	1301	1354
0	1295	1376
0	1295	1410
0	1301	1436
0	1308	1440
0	1320	1414
0	1339	1369
0	1370	1316
0	1436	1275
0	1578	1249
0	1813	1219
0	2118	1200
0	2438	1200
0	2734	1204
0	2986	1211
0	3179	1219
0	3305	1226
0	3374	1238
0	3385	1268
0	3353	1313
0	3283	1346
0	3180	1384
0	3054	1433
0	2911	1481
0	2755	1549
0	2596	1613
0	2448	1688
0	2314	1755
0	2205	1823
0	2121	1898
0	2056	1984
0	2000	2074
0	1954	2168
0	1910	2258
0	1860	2344
0	1814	2434
0	1763	2520
0	1708	2610
0	1655	2696
0	1604	2786
0	1559	2880
0	1514	2981
0	1470	3083
0	1430	3180
0	1394	3278
0	1361	3375
0	1334	3484
0	1318	3600
0	1308	3701
0	1304	3791
0	1304	3881
0	1306	3968
0	1308	4039
0	1308	4095
0	1316	4095
0	1343	4095
0	1418	4095
1	1578	4095
0	1819	4095
0	2109	4095
0	2405	4095
0	2675	4095
0	2899	4095
0	3060	4095
0	3160	4095
0	3201	4095
0	3195	4095
0	3146	4095
0	3070	4095
0	2964	4095
0	2835	4095
0	2690	4095
0	2540	4095
0	2403	4095
0	2285	4095
0	2191	4095
0	2116	4095
0	2060	4095
0	2018	4095
0	1980	4095
0	1944	4095
0	1904	4095
0	1858	4095
0	1809	4095
0	1764	4095
0	1713	4095
0	1661	4095
0	1616	4095
0	1579	4095
0	1546	4095
0	1514	4095
0	1491	4095
0	1478	4095
0	1468	4095
0	1454	4095
0	1440	4095
0	1433	4095
0	1438	4095
0	1484	4069
0	1606	3960
0	1804	3836
0	2050	3724
0	2308	3626
0	2548	3533
0	2751	3431
0	2899	3315
0	2988	3214
0	3025	3116
0	3019	3045
0	2976	2974
0	2910	2895
0	2818	2809
0	2706	2723
0	2578	2636
0	2445	2550
0	2320	2468
0	2210	2389
0	2123	2310
0	2055	2243
0	2005	2183
0	1961	2123
0	1921	2063
0	1883	2009
0	1840	1955
0	1796	1904
0	1753	1853
0	1710	1793
0	1668	1745
0	1623	1703
0	1580	1679
0	1541	1652
0	1509	1631
0	1484	1628
0	1464	1628
0	1449	1616
0	1435	1577
0	1421	1532
0	1423	1484
0	1468	1448
0	1584	1412
0	1776	1379
0	2018	1346
0	2274	1319
0	2516	1298
0	2723	1274
0	2880	1241
0	2988	1205
0	3045	1178
0	3061	1163
0	3040	1160
0	2985	1151
0	2908	1139
0	2810	1124
0	2691	1115
0	2558	1106
0	2420	1103
0	2289	1103
1	2180	1094
0	2088	1085
0	2015	1079
0	1954	1073
0	1908	1067
0	1866	1061
0	1820	1058
0	1778	1055
0	1734	1052
0	1689	1046
0	1641	1046
0	1599	1043
0	1558	1043
0	1520	1049
0	1484	1055
0	1449	1058
0	1415	1064
0	1388	1067
0	1368	1082
0	1350	1091
0	1340	1106
0	1331	1139
0	1328	1172
0	1328	1181
0	1329	1166
0	1334	1130
0	1359	1094
0	1439	1073
0	1591	1058
0	1811	1043
0	2083	1028
0	2361	1025
0	2611	1028
0	2819	1022
0	2973	1016
0	3071	1013
0	3120	1016
0	3129	1028
0	3105	1037
0	3048	1040
0	2965	1043
0	2856	1046
0	2730	1052
0	2589	1064
0	2448	1076
0	2321	1094
0	2211	1103
0	2116	1106
0	2040	1115
0	1979	1118
0	1930	1124
0	1885	1130
0	1838	1133
0	1788	1136
0	1736	1139
0	1690	1142
0	1644	1148
0	1600	1157
0	1564	1163
0	1529	1169
0	1490	1181
0	1456	1187
0	1429	1193
0	1404	1208
0	1379	1223
0	1361	1232
0	1349	1244
0	1339	1256
0	1333	1280
0	1328	1310
0	1329	1343
0	1330	1391
0	1333	1451
0	1338	1508
0	1344	1541
0	1354	1559
0	1369	1577
0	1405	1604
0	1499	1649
0	1673	1697
0	1913	1745
0	2186	1799
0	2458	1859
0	2703	1925
0	2903	1991
0	3051	2051
0	3144	2120
0	3183	2195
0	3179	2279
0	3140	2354
0	3071	2423
0	2974	2495
0	2853	2567
0	2718	2642
0	2573	2723
0	2436	2804
0	2309	2885
0	2200	2963
0	2115	3050
0	2044	3131
1	1988	3206
0	1941	3278
0	1898	3344
0	1856	3407
0	1814	3470
0	1766	3536
0	1719	3605
0	1674	3674
0	1635	3740
0	1594	3812
0	1553	3878
0	1515	3956
0	1483	4031
0	1451	4095
0	1425	4095
0	1405	4095
0	1388	4095
0	1376	4095
0	1370	4095
0	1365	4095
0	1361	4095
0	1363	4095
0	1369	4095
0	1378	4095
0	1389	4095
0	1401	4095
0	1411	4095
0	1428	4095
0	1483	4095
0	1605	4095
0	1805	4095
0	2058	4095
0	2324	4095
0	2571	4091
0	2781	4013
0	2939	3929
0	3039	3848
0	3079	3782
0	3075	3722
0	3035	3662
0	2968	3590
0	2875	3506
0	2759	3425
0	2629	3338
0	2499	3242
0	2375	3152
0	2270	3062
0	2189	2984
0	2125	2906
0	2075	2837
0	2036	2768
0	1999	2702
0	1963	2639
0	1923	2570
0	1874	2507
0	1823	2441
0	1775	2378
0	1731	2315
0	1693	2252
0	1649	2192
0	1610	2129
0	1576	2072
0	1540	2024
0	1504	1985
0	1479	1940
0	1465	1895
0	1458	1859
0	1455	1835
0	1450	1799
0	1445	1739
0	1440	1676
0	1446	1616
0	1478	1559
0	1571	1514
0	1744	1466
0	1971	1424
0	2224	1382
0	2470	1358
0	2684	1331
0	2855	1304
0	2978	1271
0	3051	1238
0	3074	1217
0	3059	1211
0	3010	1208
0	2935	1193
0	2839	1175
0	2723	1157
0	2601	1145
0	2471	1133
0	2341	1124
0	2228	1109
0	2129	1094
0	2046	1079
0	1979	1070
0	1930	1064
0	1895	1055
0	1861	1049
0	1819	1040
0	1778	1031
1	1736	1025
0	1689	1022
0	1643	1013
0	1599	1010
0	1555	1007
0	1513	1007
0	1476	1010
0	1445	1013
0	1419	1010
0	1393	1013
0	1371	1022
0	1356	1034
0	1350	1034
0	1349	1052
0	1350	1085
0	1349	1118
0	1345	1121
0	1345	1103
0	1349	1070
0	1376	1040
0	1463	1016
0	1630	998
0	1864	977
0	2133	965
0	2405	959
0	2653	959
0	2855	959
0	3005	956
0	3105	950
0	3154	953
0	3153	968
0	3110	980
0	3043	983
0	2951	989
0	2839	992
0	2710	1001
0	2576	1016
0	2445	1034
0	2320	1043
0	2206	1055
0	2111	1061
0	2041	1067
0	1986	1073
0	1940	1082
0	1900	1088
0	1859	1088
0	1816	1091
0	1774	1094
0	1728	1100
0	1683	1106
0	1639	1112
0	1598	1118
0	1556	1121
0	1519	1127
0	1484	1133
0	1451	1148
0	1421	1154
0	1396	1157
0	1383	1160
0	1368	1172
0	1353	1184
0	1346	1202
0	1344	1214
0	1340	1241
0	1341	1274
0	1346	1295
0	1355	1286
0	1363	1256
0	1381	1211
0	1429	1181
0	1544	1154
0	1741	1133
0	1994	1109
0	2274	1100
0	2546	1100
0	2786	1103
0	2969	1106
0	3104	1103
0	3180	1100
0	3203	1112
0	3181	1130
0	3134	1151
0	3059	1160
0	2959	1172
0	2838	1184
0	2704	1205
0	2566	1235
0	2433	1265
0	2308	1295
0	2201	1325
0	2121	1358
0	2058	1388
0	2003	1418
0	1954	1454
0	1914	1487
0	1874	1526
0	1829	1568
0	1783	1616
0	1734	1673
0	1684	1733
1	1634	1799
0	1588	1865
0	1544	1934
0	1505	2009
0	1469	2090
0	1438	2171
0	1409	2246
0	1384	2321
0	1363	2399
0	1344	2483
0	1335	2570
0	1333	2648
0	1331	2726
0	1335	2807
0	1336	2876
0	1339	2933
0	1344	2993
0	1355	3053
0	1401	3116
0	1516	3176
0	1713	3233
0	1968	3287
0	2250	3350
0	2526	3416
0	2768	3488
0	2958	3548
0	3089	3602
0	3159	3659
0	3176	3719
0	3153	3776
0	3090	3824
0	3003	3866
0	2893	3911
0	2769	3959
0	2635	4004
0	2500	4049
0	2369	4079
0	2260	4095
0	2174	4095
0	2104	4095
0	2036	4095
0	2001	4095
0	1960	4095
0	1918	4095
0	1878	4091
0	1829	4055
0	1779	4007
0	1729	3953
0	1685	3887
0	1644	3815
0	1605	3740
0	1571	3671
0	1538	3605
0	1509	3533
0	1485	3437
0	1466	3341
0	1449	3254
0	1440	3164
0	1431	3062
0	1425	2960
0	1421	2867
0	1435	2786
0	1503	2705
0	1650	2624
0	1870	2537
0	2123	2462
0	2379	2399
0	2610	2339
0	2799	2273
0	2934	2201
0	3006	2132
0	3034	2075
0	3019	2030
0	2968	1991
0	2890	1943
0	2788	1895
0	2663	1853
0	2534	1808
0	2408	1760
0	2286	1709
0	2183	1661
0	2098	1610
0	2031	1562
0	1980	1523
0	1938	1484
0	1891	1448
0	1859	1412
0	1830	1382
0	1794	1352
0	1755	1322
0	1711	1304
0	1664	1280
0	1616	1259
0	1570	1238
0	1529	1226
0	1494	1223
0	1468	1220
0	1441	1217
0	1421	1226
0	1405	1250
1	1396	1265
0	1391	1253
0	1389	1214
0	1390	1175
0	1425	1139
0	1531	1112
0	1720	1085
0	1971	1064
0	2245	1049
0	2515	1040
0	2751	1031
0	2936	1028
0	3069	1013
0	3148	1004
0	3170	1007
0	3154	1010
0	3100	1019
0	3020	1025
0	2919	1031
0	2794	1034
0	2655	1040
0	2510	1049
0	2365	1055
0	2240	1061
0	2136	1067
0	2056	1073
0	1995	1073
0	1943	1079
0	1896	1082
0	1853	1085
0	1805	1085
0	1759	1085
0	1716	1085
0	1671	1088
0	1626	1088
0	1581	1097
0	1539	1103
0	1500	1109
0	1468	1112
0	1440	1121
0	1420	1136
0	1403	1154
0	1381	1169
0	1368	1190
0	1359	1229
0	1354	1259
0	1350	1262
0	1355	1241
0	1364	1208
0	1391	1178
0	1475	1154
0	1645	1145
0	1886	1133
0	2170	1130
0	2454	1145
0	2706	1169
0	2908	1190
0	3051	1217
0	3143	1247
0	3181	1292
0	3178	1346
0	3134	1403
0	3058	1454
0	2956	1508
0	2836	1565
0	2695	1631
0	2544	1700
0	2396	1772
0	2261	1841
0	2149	1913
0	2058	1985
0	1989	2060
0	1935	2138
0	1893	2213
0	1854	2279
0	1816	2345
0	1775	2411
0	1731	2471
0	1686	2540
0	1639	2606
0	1588	2678
0	1539	2750
0	1500	2822
0	1469	2891
0	1439	2960
0	1415	3032
0	1394	3110
0	1376	3194
0	1364	3263
0	1353	3323
0	1346	3377
0	1346	3434
0	1345	3476
0	1343	3506
0	1349	3548
0	1371	3593
0	1433	3635
0	1575	3665
0	1794	3680
0	2065	3692
1	2351	3707
0	2619	3719
0	2844	3713
0	3013	3683
0	3118	3650
0	3164	3617
0	3160	3587
0	3119	3545
0	3051	3488
0	2954	3422
0	2833	3356
0	2698	3281
0	2555	3203
0	2424	3122
0	2304	3038
0	2206	2954
0	2125	2867
0	2056	2789
0	2005	2702
0	1965	2621
0	1929	2540
0	1888	2459
0	1850	2384
0	1809	2309
0	1760	2240
0	1713	2177
0	1664	2114
0	1620	2051
0	1580	1994
0	1541	1946
0	1503	1913
0	1473	1886
0	1450	1847
0	1435	1820
0	1419	1805
0	1406	1784
0	1404	1742
0	1408	1685
0	1415	1619
0	1444	1562
0	1529	1517
0	1693	1481
0	1925	1442
0	2199	1406
0	2470	1382
0	2710	1358
0	2904	1331
0	3045	1295
0	3125	1262
0	3151	1241
0	3136	1232
0	3086	1226
0	3008	1217
0	2905	1205
0	2784	1190
0	2645	1178
0	2505	1175
0	2373	1169
0	2253	1163
0	2151	1157
0	2070	1151
0	2005	1148
0	1953	1142
0	1906	1142
0	1864	1133
0	1819	1130
0	1771	1127
0	1723	1121
0	1676	1118
0	1633	1118
0	1589	1121
0	1546	1124
0	1510	1115
0	1481	1121
0	1451	1127
0	1425	1142
0	1403	1154
0	1383	1166
0	1368	1190
0	1358	1226
0	1358	1244
0	1363	1235
0	1361	1208
0	1369	1178
0	1411	1148
0	1529	1130
0	1726	1112
0	1984	1094
0	2268	1085
0	2538	1082
0	2766	1082
0	2943	1079
0	3070	1073
0	3143	1067
0	3164	1073
0	3146	1085
0	3095	1097
0	3014	1103
0	2909	1103
0	2785	1109
1	2645	1118
0	2500	1136
0	2364	1151
0	2241	1157
0	2141	1163
0	2054	1169
0	1984	1181
0	1929	1187
0	1885	1193
0	1849	1196
0	1805	1202
0	1760	1205
0	1711	1208
0	1666	1214
0	1621	1217
0	1579	1223
0	1536	1226
0	1494	1238
0	1456	1250
0	1424	1256
0	1398	1259
0	1379	1268
0	1363	1286
0	1345	1301
0	1336	1316
0	1333	1343
0	1334	1382
0	1345	1394
0	1353	1382
0	1361	1346
0	1374	1304
0	1423	1274
0	1546	1250
0	1755	1223
0	2024	1202
0	2320	1193
0	2606	1193
0	2851	1196
0	3040	1193
0	3169	1181
0	3239	1178
0	3255	1187
0	3225	1202
0	3164	1214
0	3078	1217
0	2969	1223
0	2839	1226
0	2689	1241
0	2536	1256
0	2393	1271
0	2265	1280
0	2166	1286
0	2086	1292
0	2023	1301
0	1964	1313
0	1914	1319
0	1864	1325
0	1816	1328
0	1769	1331
0	1718	1337
0	1670	1343
0	1626	1349
0	1584	1358
0	1544	1367
0	1504	1379
0	1471	1394
0	1440	1406
0	1415	1415
0	1396	1433
0	1379	1466
0	1365	1502
0	1349	1550
0	1335	1607
0	1333	1676
0	1331	1739
0	1334	1787
0	1336	1823
0	1344	1859
0	1379	1907
0	1486	1961
0	1680	2015
0	1943	2069
0	2238	2132
0	2528	2198
0	2789	2270
0	2996	2336
0	3144	2396
0	3231	2459
0	3258	2528
0	3234	2609
0	3178	2681
0	3094	2750
0	2980	2819
0	2839	2894
0	2684	2972
0	2534	3056
0	2389	3134
0	2259	3200
0	2156	3275
0	2076	3350
1	2013	3425
0	1961	3494
0	1919	3563
0	1875	3626
0	1830	3689
0	1784	3749
0	1736	3806
0	1688	3869
0	1636	3932
0	1585	3992
0	1536	4049
0	1494	4095
0	1453	4095
0	1416	4095
0	1391	4095
0	1370	4095
0	1349	4095
0	1331	4095
0	1325	4095
0	1323	4095
0	1321	4095
0	1321	4095
0	1335	4095
0	1378	4095
0	1491	4095
0	1691	4095
0	1953	4095
0	2244	4095
0	2524	4095
0	2766	4095
0	2954	4095
0	3076	4095
0	3134	4095
0	3141	4095
0	3109	4095
0	3035	4095
0	2930	4082
0	2796	4007
0	2649	3926
0	2500	3845
0	2363	3764
0	2244	3686
0	2145	3608
0	2071	3530
0	2016	3452
0	1974	3371
0	1940	3290
0	1904	3206
0	1865	3131
0	1823	3056
0	1783	2984
0	1739	2906
0	1696	2828
0	1653	2753
0	1610	2693
0	1565	2648
0	1520	2603
0	1485	2546
0	1459	2504
0	1439	2465
0	1429	2423
0	1416	2357
0	1398	2276
0	1396	2204
0	1434	2141
0	1538	2081
0	1725	2015
0	1978	1943
0	2259	1880
0	2533	1832
0	2773	1784
0	2960	1727
0	3081	1667
0	3145	1613
0	3159	1577
0	3133	1547
0	3070	1520
0	2979	1490
0	2868	1454
0	2736	1421
0	2590	1391
0	2441	1361
0	2300	1331
0	2181	1301
0	2083	1271
0	2009	1247
0	1953	1223
0	1898	1208
0	1856	1187
0	1819	1172
0	1779	1151
0	1734	1133
0	1686	1115
0	1638	1100
0	1594	1091
0	1550	1085
0	1504	1079
0	1464	1067
0	1430	1064
0	1401	1067
1	1376	1073
0	1351	1073
0	1333	1094
0	1318	1124
0	1311	1157
0	1313	1154
0	1313	1130
0	1316	1091
0	1350	1055
0	1464	1034
0	1670	1016
0	1945	1001
0	2249	989
0	2544	986
0	2799	986
0	2996	983
0	3133	977
0	3209	971
0	3229	974
0	3203	986
0	3150	995
0	3073	1001
0	2968	1001
0	2839	1004
0	2689	1013
0	2533	1028
0	2383	1040
0	2250	1052
0	2136	1058
0	2044	1064
0	1970	1070
0	1911	1076
0	1863	1079
0	1816	1085
0	1770	1085
0	1725	1091
0	1681	1094
0	1635	1097
0	1586	1103
0	1541	1109
0	1498	1115
0	1450	1118
0	1408	1124
0	1374	1133
0	1346	1142
0	1324	1151
0	1308	1154
0	1290	1172
0	1273	1187
0	1258	1199
0	1256	1220
0	1263	1259
0	1271	1295
0	1281	1301
0	1294	1280
0	1309	1241
0	1339	1202
0	1423	1175
0	1588	1148
0	1824	1130
0	2100	1115
0	2376	1109
0	2623	1109
0	2820	1112
0	2964	1106
0	3053	1103
0	3090	1103
0	3089	1118
0	3050	1133
0	2984	1145
0	2896	1145
0	2788	1151
0	2665	1160
0	2534	1175
0	2406	1193
0	2289	1208
0	2189	1220
0	2105	1238
0	2038	1253
0	1981	1268
0	1933	1286
0	1888	1304
0	1845	1322
0	1804	1343
0	1764	1373
0	1716	1409
0	1671	1451
0	1629	1499
0	1590	1550
0	1554	1601
0	1520	1658
0	1483	1721
0	1444	1790
0	1418	1853
0	1395	1916
0	1378	1976
0	1368	2042
0	1359	2120
0	1350	2198
0	1346	2273
1	1348	2354
0	1346	2435
0	1349	2495
0	1353	2540
0	1359	2588
0	1375	2636
0	1431	2696
0	1555	2756
0	1754	2807
0	1994	2864
0	2235	2933
0	2444	3008
0	2606	3074
0	2725	3134
0	2793	3185
0	2818	3242
0	2809	3308
0	2779	3368
0	2730	3422
0	2660	3476
0	2578	3533
0	2489	3596
0	2394	3662
0	2303	3722
0	2218	3782
0	2145	3839
0	2090	3893
0	2050	3947
0	2015	3995
0	1993	4028
0	1966	4052
0	1938	4076
0	1906	4094
0	1869	4095
0	1834	4095
0	1803	4095
0	1768	4091
0	1731	4067
0	1694	4040
0	1661	4010
0	1636	3968
0	1614	3914
0	1594	3848
0	1578	3770
0	1570	3701
0	1561	3638
0	1553	3575
0	1551	3494
0	1553	3410
0	1550	3335
0	1551	3251
0	1554	3158
0	1558	3059
0	1564	2966
0	1585	2879
0	1666	2801
0	1818	2711
0	2018	2621
0	2231	2537
0	2421	2462
0	2574	2393
0	2678	2315
0	2731	2231
0	2745	2162
0	2724	2105
0	2681	2063
0	2620	2012
0	2546	1964
0	2461	1916
0	2374	1874
0	2286	1826
0	2203	1784
0	2126	1733
0	2075	1691
0	2041	1652
0	2021	1616
0	2009	1583
0	2001	1553
0	1990	1526
0	1970	1502
0	1944	1472
0	1919	1448
0	1886	1424
0	1856	1400
0	1828	1376
0	1799	1355
0	1773	1340
0	1753	1322
0	1728	1310
0	1703	1295
0	1683	1274
0	1666	1262
0	1655	1256
0	1646	1250
0	1638	1247
0	1630	1247
0	1625	1274
0	1620	1301
0	1616	1307
0	1613	1286
1	1613	1250
0	1625	1211
0	1676	1175
0	1804	1151
0	1993	1127
0	2214	1106
0	2419	1097
0	2583	1094
0	2703	1088
0	2775	1079
0	2804	1070
0	2800	1067
0	2770	1070
0	2725	1082
0	2670	1088
0	2605	1091
0	2530	1097
0	2445	1103
0	2356	1115
0	2269	1124
0	2191	1133
0	2125	1139
0	2078	1142
0	2043	1148
0	2025	1154
0	2006	1157
0	1988	1163
0	1965	1163
0	1939	1163
0	1906	1166
0	1874	1169
0	1841	1175
0	1811	1181
0	1778	1187
0	1748	1193
0	1720	1199
0	1705	1205
0	1691	1211
0	1679	1220
0	1668	1229
0	1654	1232
0	1640	1235
0	1628	1238
0	1615	1250
0	1606	1271
0	1600	1283
0	1596	1307
0	1594	1343
0	1595	1370
0	1600	1370
0	1605	1352
0	1613	1316
0	1628	1283
0	1689	1265
0	1825	1253
0	2023	1247
0	2249	1250
0	2463	1271
0	2633	1298
0	2749	1328
0	2814	1352
0	2838	1382
0	2830	1418
0	2793	1469
0	2738	1523
0	2669	1574
0	2594	1625
0	2515	1688
0	2430	1751
0	2338	1823
0	2254	1895
0	2178	1964
0	2116	2033
0	2071	2105
0	2040	2180
0	2019	2255
0	2003	2321
0	1985	2393
0	1965	2462
0	1948	2534
0	1926	2600
0	1899	2669
0	1868	2738
0	1835	2810
0	1799	2885
0	1763	2954
0	1740	3020
0	1721	3092
0	1703	3161
0	1683	3230
0	1664	3296
0	1641	3356
0	1621	3419
0	1608	3485
0	1599	3557
0	1593	3632
0	1590	3692
0	1588	3734
0	1589	3770
0	1589	3803
1	1590	3824
0	1596	3845
0	1608	3860
0	1630	3875
0	1695	3887
0	1836	3878
0	2038	3863
0	2264	3839
0	2476	3815
0	2651	3773
0	2778	3716
0	2849	3644
0	2876	3563
0	2864	3494
0	2828	3428
0	2773	3359
0	2704	3281
0	2616	3197
0	2524	3119
0	2439	3041
0	2353	2966
0	2273	2888
0	2206	2813
0	2156	2744
0	2129	2681
0	2114	2612
0	2099	2549
0	2086	2483
0	2074	2414
0	2056	2351
0	2030	2285
0	1994	2219
0	1960	2156
0	1925	2093
0	1893	2036
0	1860	1985
0	1833	1937
0	1806	1892
0	1779	1850
0	1755	1805
0	1734	1766
0	1719	1742
0	1708	1718
0	1695	1697
0	1680	1682
0	1669	1679
0	1658	1670
0	1654	1637
0	1655	1586
0	1655	1523
0	1674	1466
0	1741	1421
0	1888	1379
0	2095	1331
0	2325	1295
0	2536	1262
0	2708	1244
0	2831	1223
0	2906	1196
0	2941	1172
0	2950	1154
0	2929	1151
0	2884	1151
0	2824	1154
0	2754	1151
0	2675	1151
0	2588	1145
0	2494	1142
0	2400	1145
0	2313	1148
0	2243	1142
0	2193	1142
0	2151	1139
0	2120	1136
0	2095	1136
0	2071	1133
0	2037	1133
0	1983	1127
0	1925	1127
0	1864	1127
0	1808	1133
0	1747	1133
0	1692	1136
0	1642	1136
0	1586	1139
0	1535	1148
0	1496	1151
0	1461	1151
0	1428	1160
0	1400	1169
0	1376	1187
0	1353	1196
0	1337	1223
0	1325	1259
0	1309	1283
0	1299	1277
0	1293	1250
0	1299	1211
0	1339	1175
0	1472	1148
1	1719	1127
0	2042	1106
0	2387	1091
0	2713	1091
0	2980	1091
0	3182	1088
0	3311	1085
0	3379	1079
0	3393	1082
0	3362	1097
0	3302	1109
0	3215	1121
0	3108	1127
0	2984	1136
0	2837	1148
0	2679	1160
0	2525	1181
0	2385	1187
0	2273	1190
0	2179	1196
0	2104	1205
0	2046	1214
0	1999	1220
0	1955	1229
0	1911	1232
0	1860	1235
0	1810	1238
0	1754	1244
0	1694	1244
0	1631	1250
0	1575	1256
0	1530	1265
0	1484	1277
0	1440	1289
0	1397	1298
0	1358	1307
0	1323	1322
0	1288	1340
0	1260	1355
0	1234	1376
0	1216	1409
0	1213	1436
0	1211	1436
0	1209	1415
0	1215	1385
0	1244	1358
0	1344	1349
0	1561	1352
0	1871	1364
0	2228	1379
0	2581	1415
0	2888	1457
0	3129	1502
0	3292	1541
0	3383	1586
0	3416	1637
0	3395	1700
0	3339	1769
0	3259	1832
0	3150	1898
0	3010	1967
0	2851	2036
0	2679	2111
0	2518	2192
0	2371	2261
0	2242	2336
0	2140	2411
0	2072	2486
0	2011	2564
0	1957	2636
0	1902	2705
0	1852	2777
0	1803	2849
0	1741	2921
0	1678	2999
0	1621	3071
0	1558	3143
0	1493	3221
0	1421	3290
0	1356	3359
0	1299	3425
0	1250	3497
0	1211	3584
0	1183	3668
0	1159	3725
0	1139	3776
0	1124	3830
0	1118	3875
0	1118	3914
0	1115	3956
0	1117	3995
0	1166	4028
0	1316	4055
0	1577	4067
0	1916	4073
0	2277	4079
0	2622	4082
0	2907	4070
0	3117	4034
0	3253	3995
1	3330	3962
0	3343	3932
0	3306	3899
0	3241	3854
0	3140	3794
0	3007	3740
0	2849	3677
0	2686	3614
0	2517	3542
0	2363	3470
0	2238	3401
0	2139	3335
0	2065	3266
0	2013	3197
0	1965	3116
0	1922	3038
0	1878	2960
0	1832	2879
0	1782	2798
0	1724	2717
0	1666	2630
0	1608	2546
0	1545	2486
0	1488	2444
0	1433	2411
0	1390	2369
0	1349	2330
0	1321	2303
0	1299	2261
0	1278	2192
0	1258	2120
0	1251	2051
0	1290	1973
0	1432	1890
0	1677	1804
0	1981	1718
0	2301	1639
0	2615	1575
0	2889	1519
0	3105	1466
0	3245	1399
0	3315	1346
0	3332	1316
0	3304	1298
0	3236	1279
0	3127	1260
0	2986	1230
0	2823	1204
0	2657	1178
0	2490	1159
0	2331	1136
0	2193	1118
0	2079	1095
0	1995	1076
0	1925	1065
0	1859	1058
0	1803	1039
0	1755	1028
0	1710	1009
0	1657	998
0	1598	983
0	1535	971
0	1470	964
0	1409	975
0	1360	983
0	1318	990
0	1279	1013
0	1244	1054
0	1213	1091
0	1183	1088
0	1162	1058
0	1150	1013
0	1178	968
0	1279	941
0	1488	923
0	1778	896
0	2111	889
0	2445	881
0	2739	881
0	2972	874
0	3138	863
0	3236	855
0	3274	859
0	3264	870
0	3211	885
0	3126	893
0	3012	896
0	2868	896
0	2700	904
0	2524	915
0	2350	938
0	2195	949
0	2065	956
0	1958	956
0	1874	964
0	1808	971
0	1745	971
0	1689	975
0	1636	979
0	1586	979
1	1537	983
0	1481	986
0	1430	990
0	1377	994
0	1330	998
0	1286	1013
0	1251	1035
0	1213	1061
0	1174	1080
0	1146	1114
0	1120	1163
0	1103	1193
0	1087	1181
0	1071	1144
0	1075	1095
0	1122	1058
0	1255	1031
0	1488	1009
0	1783	986
0	2097	979
0	2392	979
0	2641	975
0	2832	971
0	2963	960
0	3036	956
0	3063	964
0	3050	983
0	3005	994
0	2924	1001
0	2816	1005
0	2685	1013
0	2546	1028
0	2405	1046
0	2265	1061
0	2144	1073
0	2039	1076
0	1957	1088
0	1894	1091
0	1843	1110
0	1801	1118
0	1750	1125
0	1691	1129
0	1626	1129
0	1573	1136
0	1528	1144
0	1481	1148
0	1439	1159
0	1393	1174
0	1355	1196
0	1316	1211
0	1285	1230
0	1260	1260
0	1230	1309
0	1206	1369
0	1192	1448
0	1183	1545
0	1183	1661
0	1183	1766
0	1187	1838
0	1192	1886
0	1201	1931
0	1239	1991
0	1353	2059
0	1559	2130
0	1836	2198
0	2125	2276
0	2391	2370
0	2615	2471
0	2779	2569
0	2884	2670
0	2931	2771
0	2933	2884
0	2907	2996
0	2847	3105
0	2774	3203
0	2683	3304
0	2578	3413
0	2459	3518
0	2345	3615
0	2237	3720
0	2142	3814
0	2067	3915
0	2014	4020
0	1974	4095
0	1937	4095
0	1904	4095
0	1867	4095
0	1827	4095
0	1780	4095
0	1726	4095
0	1677	4095
0	1629	4095
0	1594	4095
0	1559	4095
0	1514	4095
0	1472	4095
0	1440	4095
0	1416	4095
0	1398	4095
0	1383	4095
1	1367	4095
0	1360	4095
0	1358	4095
0	1363	4095
0	1367	4095
0	1370	4095
0	1369	4095
0	1372	4095
0	1414	4095
0	1545	4095
0	1764	4095
0	2027	4095
0	2291	4095
0	2515	4095
0	2692	4095
0	2802	4095
0	2849	4095
0	2851	4095
0	2814	4095
0	2753	4095
0	2674	4095
0	2581	4095
0	2482	4095
0	2377	4095
0	2272	4095
0	2175	4095
0	2098	4095
0	2046	4095
0	2011	4095
0	1986	4095
0	1965	4095
0	1939	4095
0	1911	4095
0	1887	4095
0	1859	4095
0	1824	4095
0	1792	4095
0	1757	4095
0	1722	4095
0	1689	4095
0	1659	4095
0	1631	4095
0	1608	4095
0	1598	4095
0	1587	4095
0	1573	4095
0	1565	4095
0	1556	4095
0	1549	4095
0	1554	4095
0	1605	4095
0	1738	4095
0	1948	4095
0	2193	4095
0	2427	4095
0	2629	4095
0	2777	4095
0	2870	4095
0	2924	3971
0	2926	3836
0	2893	3728
0	2835	3619
0	2770	3495
0	2688	3379
0	2592	3263
0	2483	3161
0	2366	3079
0	2256	3000
0	2168	2925
0	2109	2850
0	2069	2779
0	2037	2708
0	2016	2633
0	1997	2561
0	1972	2479
0	1946	2396
0	1911	2321
0	1864	2250
0	1813	2190
0	1762	2126
0	1715	2066
0	1673	1991
0	1638	1924
0	1610	1864
0	1584	1826
0	1563	1785
0	1547	1736
0	1531	1706
0	1512	1691
0	1498	1661
0	1486	1598
0	1475	1523
0	1474	1448
0	1514	1384
0	1628	1331
0	1822	1275
0	2067	1215
0	2328	1159
0	2566	1118
0	2749	1073
1	2879	1020
0	2961	949
0	2993	881
0	2987	836
0	2952	795
0	2896	765
0	2818	735
0	2728	705
0	2627	668
0	2517	638
0	2410	615
0	2307	596
0	2219	574
0	2154	551
0	2107	529
0	2074	506
0	2041	491
0	2004	473
0	1967	454
0	1925	431
0	1881	416
0	1834	398
0	1782	390
0	1727	383
0	1682	375
0	1647	368
0	1610	356
0	1575	353
0	1542	356
0	1516	353
0	1495	345
0	1475	345
0	1460	349
0	1449	356
0	1442	360
0	1430	386
0	1419	431
0	1418	476
0	1418	491
0	1414	469
0	1419	431
0	1458	386
0	1568	356
0	1771	334
0	2039	311
0	2321	296
0	2578	293
0	2783	293
0	2919	293
0	3001	285
0	3035	274
0	3031	285
0	2994	300
0	2937	315
0	2860	326
0	2770	334
0	2669	338
0	2552	349
0	2424	364
0	2308	386
0	2212	398
0	2139	405
0	2083	413
0	2042	416
0	2016	420
0	1990	424
0	1960	428
0	1923	431
0	1881	435
0	1839	435
0	1796	439
0	1745	446
0	1701	454
0	1663	461
0	1624	473
0	1586	480
0	1545	488
0	1510	503
0	1481	514
0	1453	514
0	1433	521
0	1421	540
0	1412	559
0	1402	581
0	1390	608
0	1381	656
0	1384	698
0	1390	705
0	1390	675
0	1391	634
0	1418	585
0	1498	551
0	1668	525
0	1916	503
0	2198	488
0	2466	484
0	2690	484
0	2854	488
0	2952	480
0	2998	473
1	2996	476
0	2952	495
0	2889	518
0	2816	529
0	2727	536
0	2622	548
0	2503	559
0	2391	574
0	2287	593
0	2195	611
0	2121	623
0	2065	634
0	2023	649
0	1995	664
0	1969	683
0	1937	698
0	1888	720
0	1839	735
0	1796	758
0	1762	784
0	1722	814
0	1684	836
0	1638	855
0	1603	870
0	1570	893
0	1545	908
0	1524	930
0	1505	953
0	1491	968
0	1479	983
0	1465	1009
0	1460	1039
0	1456	1065
0	1447	1099
0	1447	1144
0	1449	1174
0	1454	1174
0	1460	1151
0	1461	1125
0	1486	1110
0	1568	1106
0	1745	1118
0	2000	1121
0	2279	1133
0	2538	1155
0	2751	1181
0	2898	1193
0	2984	1193
0	3017	1189
0	3001	1200
0	2958	1219
0	2893	1230
0	2818	1234
0	2721	1234
0	2608	1234
0	2489	1241
0	2371	1256
0	2259	1260
0	2170	1260
0	2102	1260
0	2055	1260
0	2020	1260
0	1997	1256
0	1979	1256
0	1957	1245
0	1932	1234
0	1904	1226
0	1873	1219
0	1839	1211
0	1808	1200
0	1775	1189
0	1741	1189
0	1699	1189
0	1656	1189
0	1617	1185
0	1586	1185
0	1558	1204
0	1530	1215
0	1505	1226
0	1491	1241
0	1477	1271
0	1467	1286
0	1461	1264
0	1461	1226
0	1467	1181
0	1489	1136
0	1580	1099
0	1769	1073
0	2027	1046
0	2308	1031
0	2573	1024
0	2777	1024
0	2919	1016
0	2998	1005
0	3026	994
0	3014	998
0	2970	1009
0	2903	1028
0	2818	1031
0	2718	1035
1	2613	1046
0	2492	1061
0	2377	1080
0	2273	1091
0	2189	1099
0	2123	1106
0	2077	1110
0	2044	1121
0	2025	1133
0	2004	1136
0	1974	1144
0	1946	1144
0	1918	1140
0	1885	1148
0	1841	1148
0	1797	1155
0	1754	1159
0	1710	1166
0	1666	1181
0	1635	1189
0	1608	1196
0	1580	1208
0	1556	1234
0	1538	1253
0	1516	1275
0	1503	1309
0	1493	1339
0	1489	1343
0	1481	1316
0	1479	1271
0	1488	1226
0	1542	1185
0	1680	1151
0	1904	1129
0	2179	1103
0	2461	1091
0	2706	1091
0	2886	1095
0	3007	1080
0	3063	1073
0	3066	1073
0	3036	1080
0	2984	1099
0	2910	1110
0	2819	1125
0	2718	1136
0	2602	1148
0	2480	1163
0	2364	1181
0	2270	1196
0	2189	1208
0	2132	1215
0	2090	1226
0	2063	1238
0	2042	1245
0	2014	1256
0	1976	1256
0	1932	1256
0	1888	1264
0	1848	1271
0	1803	1271
0	1762	1275
0	1720	1286
0	1673	1298
0	1626	1305
0	1589	1313
0	1556	1316
0	1524	1328
0	1488	1350
0	1461	1369
0	1442	1391
0	1433	1429
0	1426	1463
0	1423	1466
0	1419	1436
0	1418	1395
0	1423	1343
0	1477	1301
0	1614	1271
0	1846	1238
0	2140	1215
0	2436	1200
0	2693	1200
0	2900	1196
0	3045	1193
0	3127	1178
0	3148	1174
0	3131	1185
0	3084	1204
0	3019	1211
0	2935	1219
0	2832	1230
0	2707	1241
0	2573	1256
0	2443	1275
0	2329	1290
0	2244	1294
0	2177	1301
0	2133	1309
0	2097	1320
1	2055	1331
0	2011	1335
0	1964	1343
0	1915	1346
0	1862	1350
0	1804	1361
0	1750	1361
0	1692	1369
0	1636	1376
0	1586	1384
0	1538	1391
0	1500	1403
0	1463	1410
0	1433	1418
0	1412	1421
0	1397	1436
0	1377	1463
0	1356	1485
0	1334	1504
0	1327	1541
0	1323	1571
0	1313	1568
0	1309	1541
0	1316	1493
0	1342	1436
0	1418	1399
0	1596	1365
0	1866	1331
0	2179	1313
0	2499	1298
0	2783	1298
0	3008	1290
0	3162	1286
0	3243	1275
0	3271	1271
0	3255	1286
0	3204	1301
0	3127	1313
0	3029	1320
0	2914	1328
0	2783	1339
0	2646	1358
0	2508	1376
0	2382	1388
0	2287	1395
0	2205	1403
0	2146	1414
0	2093	1425
0	2037	1436
0	2009	1440
0	1967	1444
0	1918	1451
0	1864	1459
0	1799	1459
0	1738	1466
0	1673	1470
0	1617	1478
0	1566	1485
0	1521	1496
0	1477	1508
0	1437	1515
0	1402	1530
0	1367	1541
0	1337	1568
0	1313	1594
0	1292	1616
0	1269	1650
0	1251	1695
0	1237	1729
0	1223	1736
0	1218	1725
0	1227	1710
0	1264	1710
0	1377	1729
0	1600	1759
0	1918	1789
0	2268	1830
0	2590	1894
0	2853	1965
0	3045	2029
0	3176	2072
0	3260	2111
0	3297	2156
0	3281	2212
0	3218	2266
0	3133	2318
0	3026	2367
0	2893	2419
0	2742	2473
0	2588	2529
0	2434	2590
0	2305	2651
0	2207	2711
0	2132	2770
0	2070	2826
0	2014	2878
0	1965	2923
0	1918	2970
0	1862	3022
0	1804	3076
1	1740	3132
0	1673	3186
0	1612	3247
0	1549	3303
0	1488	3359
0	1433	3416
0	1391	3472
0	1351	3530
0	1302	3593
0	1257	3656
0	1222	3724
0	1192	3778
0	1167	3823
0	1152	3866
0	1141	3911
0	1132	3949
0	1120	3992
0	1120	4028
0	1143	4064
0	1239	4093
0	1449	4095
0	1750	4095
0	2093	4095
0	2433	4095
0	2723	4095
0	2945	4095
0	3092	4095
0	3171	4095
0	3192	4095
0	3168	4095
0	3103	4095
0	3003	4095
0	2875	4095
0	2730	4095
0	2573	4095
0	2406	4095
0	2259	4095
0	2140	4095
0	2053	4095
0	1986	4095
0	1943	4095
0	1904	4095
0	1864	4095
0	1825	4095
0	1789	4095
0	1750	4095
0	1705	4095
0	1649	4095
0	1593	4095
0	1533	4095
0	1481	4095
0	1433	4095
0	1388	4095
0	1353	4095
0	1321	4095
0	1295	4095
0	1276	4095
0	1257	4095
0	1237	4095
0	1229	4095
0	1278	4095
0	1426	4095
0	1689	4095
0	2011	4095
0	2338	4095
0	2634	4095
0	2877	4095
0	3063	4095
0	3187	4095
0	3246	4095
0	3252	4095
0	3208	4095
0	3129	4095
0	3022	4095
0	2889	4095
0	2737	4095
0	2581	4095
0	2434	4055
0	2312	3940
0	2210	3816
0	2132	3690
0	2076	3573
0	2037	3467
0	1995	3380
0	1953	3299
0	1899	3227
0	1834	3141
0	1768	3047
0	1703	2950
0	1642	2867
0	1582	2792
0	1523	2727
0	1465	2660
0	1416	2606
0	1377	2563
0	1346	2520
0	1311	2466
0	1279	2412
0	1271	2365
0	1321	2320
1	1454	2270
0	1687	2219
0	1990	2169
0	2305	2131
0	2602	2095
0	2860	2066
0	3054	2025
0	3185	1985
0	3260	1951
0	3281	1933
0	3260	1919
0	3201	1892
0	3106	1861
0	2987	1829
0	2846	1805
0	2686	1778
0	2511	1753
0	2349	1728
0	2214	1710
0	2100	1688
0	2013	1672
0	1948	1652
0	1895	1634
0	1850	1611
0	1804	1591
0	1752	1568
0	1698	1553
0	1642	1537
0	1580	1523
0	1521	1510
0	1456	1496
0	1391	1494
0	1339	1503
0	1302	1508
0	1274	1510
0	1246	1528
0	1216	1555
0	1202	1557
0	1190	1532
0	1180	1494
0	1197	1449
0	1290	1418
0	1486	1386
0	1769	1355
0	2093	1321
0	2412	1289
0	2707	1262
0	2958	1242
0	3141	1217
0	3257	1190
0	3311	1175
0	3315	1166
0	3276	1161
0	3203	1154
0	3098	1145
0	2958	1139
0	2791	1132
0	2618	1132
0	2447	1127
0	2287	1123
0	2153	1121
0	2041	1116
0	1944	1109
0	1876	1105
0	1824	1103
0	1769	1098
0	1715	1096
0	1664	1089
0	1610	1085
0	1552	1080
0	1493	1078
0	1432	1076
0	1377	1076
0	1328	1076
0	1285	1078
0	1243	1082
0	1199	1087
0	1160	1091
0	1129	1091
0	1106	1096
0	1087	1100
0	1069	1112
0	1061	1116
0	1064	1132
0	1068	1157
0	1075	1193
0	1082	1208
0	1089	1197
0	1099	1170
0	1139	1141
0	1264	1123
0	1496	1112
0	1804	1100
0	2135	1091
0	2452	1085
0	2721	1091
0	2923	1094
0	3056	1096
0	3124	1100
0	3145	1109
1	3133	1123
0	3089	1136
0	3021	1141
0	2924	1145
0	2807	1152
0	2683	1163
0	2543	1179
0	2408	1199
0	2284	1215
0	2179	1226
0	2091	1233
0	2020	1240
0	1958	1247
0	1908	1251
0	1857	1260
0	1810	1267
0	1750	1267
0	1684	1269
0	1622	1276
0	1565	1283
0	1510	1294
0	1465	1298
0	1419	1305
0	1376	1316
0	1341	1330
0	1316	1341
0	1295	1348
0	1276	1357
0	1262	1364
0	1248	1375
0	1239	1393
0	1232	1402
0	1236	1422
0	1241	1449
0	1248	1463
0	1251	1458
0	1248	1436
0	1257	1406
0	1299	1384
0	1421	1366
0	1631	1350
0	1897	1332
0	2182	1321
0	2433	1323
0	2632	1321
0	2769	1319
0	2844	1314
0	2872	1310
0	2863	1312
0	2823	1323
0	2760	1330
0	2686	1332
0	2604	1334
0	2503	1339
0	2392	1348
0	2286	1359
0	2189	1368
0	2105	1375
0	2037	1377
0	1988	1379
0	1955	1384
0	1929	1388
0	1904	1393
0	1876	1395
0	1843	1393
0	1808	1395
0	1769	1397
0	1729	1400
0	1685	1400
0	1645	1402
0	1605	1409
0	1575	1411
0	1547	1415
0	1526	1420
0	1510	1427
0	1502	1440
0	1491	1451
0	1479	1465
0	1465	1485
0	1454	1508
0	1442	1521
0	1435	1510
0	1432	1490
0	1435	1460
0	1472	1438
0	1582	1420
0	1766	1404
0	2009	1388
0	2258	1379
0	2469	1379
0	2637	1377
0	2741	1373
0	2790	1364
0	2793	1361
0	2770	1366
0	2721	1379
0	2658	1384
0	2581	1388
0	2489	1391
0	2385	1400
1	2277	1409
0	2170	1420
0	2083	1431
0	2020	1438
0	1983	1440
0	1960	1447
0	1943	1454
0	1925	1458
0	1913	1465
0	1895	1467
0	1874	1469
0	1853	1472
0	1820	1474
0	1782	1476
0	1741	1481
0	1705	1483
0	1671	1490
0	1640	1494
0	1614	1499
0	1587	1503
0	1573	1512
0	1566	1521
0	1559	1537
0	1556	1546
0	1556	1562
0	1556	1586
0	1547	1604
0	1537	1604
0	1528	1591
0	1531	1564
0	1552	1537
0	1624	1521
0	1780	1510
0	2004	1496
0	2252	1487
0	2478	1494
0	2653	1508
0	2769	1526
0	2828	1548
0	2837	1577
0	2811	1618
0	2760	1670
0	2693	1728
0	2611	1789
0	2515	1854
0	2401	1926
0	2294	2000
0	2203	2068
0	2119	2135
0	2035	2196
0	2002	2261
0	1974	2320
0	1958	2385
0	1951	2450
0	1934	2513
0	1916	2576
0	1906	2637
0	1888	2698
0	1860	2759
0	1824	2824
0	1787	2891
0	1748	2954
0	1717	3020
0	1692	3076
0	1671	3137
0	1645	3197
0	1621	3269
0	1601	3344
0	1586	3404
0	1566	3452
0	1551	3501
0	1544	3546
0	1540	3591
0	1538	3636
0	1542	3683
0	1561	3731
0	1633	3778
0	1782	3818
0	1992	3852
0	2224	3888
0	2443	3931
0	2620	3969
0	2730	4001
0	2779	4025
0	2786	4052
0	2760	4084
0	2707	4095
0	2634	4095
0	2553	4095
0	2464	4095
0	2364	4095
0	2261	4095
0	2172	4095
0	2102	4095
0	2055	4095
0	2027	4095
0	2013	4095
0	2009	4095
0	2009	4095
0	1999	4095
1	1986	4095
0	1971	4095
0	1948	4066
0	1913	3992
0	1880	3915
0	1853	3841
0	1829	3773
0	1803	3706
0	1773	3623
0	1752	3528
0	1741	3443
0	1733	3359
0	1720	3272
0	1713	3188
0	1706	3119
0	1706	3056
0	1750	3002
0	1873	2943
0	2051	2882
0	2259	2822
0	2448	2765
0	2609	2711
0	2725	2651
0	2788	2588
0	2805	2525
0	2790	2471
0	2751	2430
0	2700	2392
0	2634	2347
0	2555	2302
0	2462	2255
0	2368	2210
0	2282	2167
0	2205	2124
0	2133	2079
0	2081	2042
0	2049	2011
0	2028	1983
0	2021	1957
0	2020	1932
0	2007	1904
0	1988	1880
0	1955	1855
0	1918	1832
0	1883	1806
0	1846	1782
0	1817	1761
0	1797	1747
0	1780	1731
0	1759	1713
0	1733	1699
0	1717	1699
0	1705	1699
0	1684	1682
0	1663	1656
0	1650	1628
0	1668	1596
0	1748	1575
0	1908	1556
0	2134	1537
0	2396	1519
0	2628	1505
0	2808	1491
0	2930	1479
0	2994	1461
0	3018	1447
0	3010	1439
0	2968	1435
0	2908	1435
0	2834	1432
0	2754	1426
0	2662	1421
0	2558	1416
0	2450	1418
0	2350	1419
0	2268	1419
0	2202	1412
0	2148	1411
0	2108	1407
0	2076	1405
0	2046	1405
0	2012	1405
0	1972	1404
0	1924	1402
0	1876	1398
0	1826	1398
0	1774	1398
0	1726	1400
0	1686	1400
0	1650	1400
0	1614	1404
0	1576	1407
0	1538	1412
0	1512	1414
0	1488	1416
0	1468	1419
0	1446	1426
0	1430	1433
0	1418	1439
0	1412	1453
1	1416	1477
0	1414	1500
0	1410	1505
0	1414	1493
0	1416	1472
0	1452	1454
0	1588	1439
0	1826	1428
0	2126	1418
0	2436	1409
0	2706	1409
0	2922	1411
0	3068	1411
0	3158	1405
0	3194	1407
0	3192	1412
0	3156	1419
0	3098	1428
0	3018	1433
0	2920	1437
0	2810	1440
0	2686	1453
0	2556	1467
0	2432	1482
0	2326	1502
0	2240	1521
0	2168	1540
0	2114	1563
0	2066	1587
0	2018	1615
0	1968	1643
0	1914	1677
0	1864	1710
0	1812	1748
0	1748	1790
0	1692	1831
0	1640	1874
0	1588	1916
0	1544	1964
0	1506	2011
0	1470	2062
0	1440	2118
0	1414	2170
0	1386	2223
0	1360	2272
0	1342	2321
0	1326	2373
0	1318	2427
0	1308	2476
0	1304	2525
0	1296	2573
0	1288	2620
0	1292	2660
0	1296	2699
0	1294	2741
0	1304	2786
0	1362	2832
0	1526	2874
0	1788	2910
0	2100	2947
0	2410	2989
0	2682	3033
0	2898	3070
0	3040	3099
0	3112	3124
0	3120	3154
0	3078	3189
0	3010	3218
0	2916	3245
0	2812	3267
0	2692	3295
0	2572	3323
0	2458	3346
0	2336	3371
0	2226	3388
0	2144	3402
0	2088	3418
0	2035	3428
0	1998	3434
0	1953	3430
0	1908	3421
0	1860	3409
0	1810	3388
0	1760	3367
0	1708	3341
0	1665	3311
0	1620	3280
0	1580	3246
0	1540	3208
0	1493	3169
0	1453	3133
0	1415	3101
0	1380	3064
0	1350	3019
0	1330	2966
0	1305	2921
0	1283	2872
0	1255	2816
0	1245	2756
0	1245	2704
1	1275	2660
0	1380	2615
0	1598	2569
0	1913	2518
0	2273	2469
0	2610	2427
0	2880	2385
0	3063	2338
0	3175	2286
0	3228	2238
0	3223	2202
0	3175	2172
0	3098	2140
0	2985	2105
0	2855	2072
0	2713	2037
0	2563	2006
0	2410	1972
0	2278	1941
0	2173	1913
0	2090	1883
0	2028	1859
0	1978	1832
0	1950	1810
0	1923	1783
0	1890	1757
0	1840	1731
0	1780	1706
0	1720	1684
0	1655	1663
0	1593	1643
0	1533	1621
0	1473	1601
0	1415	1589
0	1368	1580
0	1335	1573
0	1313	1563
0	1293	1559
0	1265	1568
0	1235	1573
0	1208	1565
0	1185	1544
0	1178	1517
0	1228	1491
0	1375	1474
0	1653	1460
0	2013	1440
0	2395	1426
0	2740	1416
0	3010	1409
0	3210	1402
0	3335	1390
0	3388	1379
0	3378	1372
0	3320	1374
0	3238	1377
0	3138	1376
0	3025	1376
0	2888	1374
0	2738	1372
0	2583	1374
0	2425	1376
0	2290	1377
0	2183	1379
0	2098	1377
0	2035	1377
0	1983	1377
0	1930	1379
0	1885	1379
0	1838	1379
0	1795	1376
0	1743	1376
0	1678	1376
0	1600	1374
0	1523	1379
0	1438	1384
0	1370	1384
0	1320	1388
0	1283	1391
0	1250	1400
0	1210	1409
0	1178	1418
0	1148	1426
0	1120	1451
0	1093	1472
0	1070	1477
0	1055	1468
0	1050	1451
0	1085	1432
0	1220	1418
0	1488	1405
0	1855	1395
0	2250	1386
0	2628	1384
0	2955	1388
0	3200	1388
0	3360	1388
0	3438	1388
0	3460	1395
0	3425	1411
1	3363	1425
0	3268	1437
0	3153	1451
0	3018	1468
0	2863	1491
0	2693	1521
0	2520	1554
0	2365	1587
0	2235	1619
0	2140	1650
0	2060	1684
0	1998	1720
0	1948	1761
0	1905	1801
0	1853	1841
0	1785	1878
0	1708	1920
0	1628	1960
0	1543	1997
0	1463	2035
0	1385	2077
0	1310	2123
0	1245	2167
0	1193	2209
0	1160	2251
0	1128	2294
0	1093	2347
0	1060	2398
0	1033	2441
0	1020	2487
0	1008	2532
0	1003	2573
0	1008	2604
0	1020	2641
0	1035	2681
0	1095	2720
0	1268	2758
0	1578	2790
0	1975	2819
0	2395	2851
0	2775	2888
0	3075	2919
0	3285	2947
0	3418	2970
0	3473	2991
0	3473	3021
0	3428	3047
0	3343	3064
0	3223	3073
0	3070	3082
0	2900	3089
0	2738	3092
0	2570	3094
0	2413	3085
0	2290	3073
0	2193	3057
0	2115	3040
0	2060	3012
0	2015	2975
0	1970	2937
0	1920	2893
0	1858	2847
0	1788	2804
0	1710	2758
0	1633	2714
0	1555	2669
0	1485	2625
0	1415	2590
0	1358	2559
0	1318	2524
0	1293	2483
0	1270	2445
0	1230	2412
0	1188	2371
0	1150	2322
0	1115	2273
0	1095	2231
0	1143	2196
0	1310	2161
0	1600	2123
0	1960	2086
0	2335	2056
0	2690	2028
0	2980	1999
0	3180	1964
0	3310	1925
0	3383	1888
0	3385	1866
0	3328	1846
0	3230	1832
0	3120	1811
0	2980	1792
0	2830	1775
0	2665	1755
0	2503	1736
0	2365	1715
0	2250	1698
0	2165	1678
0	2090	1664
0	2033	1649
1	1970	1631
0	1903	1615
0	1840	1600
0	1763	1586
0	1683	1570
0	1595	1559
0	1518	1549
0	1445	1538
0	1375	1526
0	1308	1516
0	1233	1510
0	1175	1510
0	1130	1510
0	1090	1510
0	1060	1521
0	1033	1535
0	1008	1538
0	983	1528
0	965	1507
0	978	1482
0	1075	1467
0	1313	1453
0	1675	1440
0	2093	1428
0	2513	1421
0	2880	1418
0	3178	1412
0	3400	1407
0	3538	1398
0	3605	1397
0	3615	1397
0	3580	1404
0	3510	1409
0	3398	1407
0	3255	1407
0	3085	1409
0	2898	1414
0	2705	1419
0	2520	1425
0	2345	1428
0	2200	1428
0	2088	1430
0	1995	1433
0	1908	1435
0	1833	1437
0	1755	1437
0	1678	1437
0	1600	1435
0	1520	1437
0	1428	1439
0	1343	1440
0	1265	1442
0	1188	1447
0	1118	1449
0	1058	1451
0	1000	1460
0	955	1468
0	923	1479
0	890	1486
0	855	1502
0	828	1524
0	813	1540
0	808	1540
0	818	1524
0	833	1503
0	900	1482
0	1090	1470
0	1415	1461
0	1840	1453
0	2298	1444
0	2718	1446
0	3080	1447
0	3365	1447
0	3555	1449
0	3665	1454
0	3715	1465
0	3705	1481
0	3648	1496
0	3553	1514
0	3415	1531
0	3238	1554
0	3030	1582
0	2818	1614
0	2608	1647
0	2420	1684
0	2258	1715
0	2125	1750
0	2015	1789
0	1923	1829
0	1855	1869
0	1793	1909
0	1703	1948
0	1615	1986
0	1525	2027
0	1430	2084
0	1345	2156
0	1260	2228
0	1185	2303
0	1103	2381
0	1030	2450
1	963	2522
0	915	2594
0	870	2675
0	833	2765
0	800	2846
0	778	2915
0	758	2987
0	745	3053
0	738	3101
0	740	3149
0	750	3200
0	783	3251
0	900	3314
0	1175	3356
0	1585	3395
0	2068	3434
0	2540	3479
0	2963	3527
0	3295	3557
0	3530	3575
0	3675	3587
0	3738	3602
0	3735	3620
0	3675	3635
0	3575	3632
0	3435	3626
0	3253	3617
0	3060	3599
0	2855	3575
0	2655	3545
0	2478	3494
0	2328	3443
0	2208	3383
0	2115	3320
0	2035	3248
0	1960	3173
0	1890	3095
0	1818	3011
0	1738	2930
0	1658	2849
0	1578	2771
0	1495	2690
0	1415	2612
0	1330	2540
0	1250	2486
0	1183	2444
0	1128	2408
0	1073	2357
0	1023	2312
0	990	2279
0	968	2231
0	940	2165
0	925	2093
0	923	2018
0	970	1961
0	1130	1907
0	1438	1853
0	1843	1799
0	2285	1751
0	2703	1715
0	3060	1679
0	3340	1634
0	3533	1583
0	3640	1535
0	3678	1502
0	3650	1478
0	3563	1457
0	3425	1433
0	3250	1409
0	3063	1379
0	2853	1358
0	2618	1337
0	2413	1313
0	2245	1292
0	2105	1268
0	1995	1253
0	1915	1238
0	1845	1226
0	1778	1211
0	1710	1199
0	1645	1181
0	1575	1169
0	1493	1151
0	1408	1142
0	1318	1136
0	1240	1124
0	1170	1115
0	1103	1112
0	1035	1121
0	978	1133
0	930	1139
0	895	1160
0	870	1190
0	848	1211
0	838	1211
0	823	1187
0	825	1151
0	890	1115
0	1075	1091
0	1403	1070
1	1835	1052
0	2308	1037
0	2760	1031
0	3160	1031
0	3465	1028
0	3680	1019
0	3808	1007
0	3858	1007
0	3825	1016
0	3730	1025
0	3608	1031
0	3453	1034
0	3263	1034
0	3050	1043
0	2815	1055
0	2583	1067
0	2373	1076
0	2195	1082
0	2058	1085
0	1948	1091
0	1858	1097
0	1770	1097
0	1678	1103
0	1593	1106
0	1510	1109
0	1423	1109
0	1338	1112
0	1258	1115
0	1175	1118
0	1088	1127
0	1013	1133
0	940	1139
0	873	1142
0	820	1151
0	783	1172
0	755	1193
0	728	1208
0	718	1238
0	715	1280
0	715	1298
0	720	1289
0	720	1259
0	750	1223
0	840	1187
0	1065	1163
0	1448	1145
0	1928	1130
0	2360	1118
0	2736	1118
0	3050	1115
0	3290	1115
0	3464	1106
0	3574	1100
0	3610	1112
0	3584	1124
0	3508	1130
0	3400	1136
0	3258	1142
0	3088	1145
0	2888	1160
0	2682	1175
0	2490	1190
0	2328	1199
0	2194	1208
0	2082	1217
0	1996	1229
0	1920	1238
0	1852	1253
0	1790	1268
0	1728	1286
0	1662	1313
0	1596	1346
0	1528	1382
0	1450	1430
0	1376	1484
0	1304	1544
0	1242	1604
0	1196	1661
0	1154	1730
0	1110	1811
0	1066	1895
0	1028	1970
0	994	1970
0	972	2129
0	962	2204
0	950	2255
0	940	2309
0	944	2372
0	992	2435
0	1152	2495
0	1436	2552
0	1818	2606
0	2234	2666
0	2622	2738
0	2956	2804
0	3220	2864
0	3402	2915
0	3506	2969
0	3544	3029
0	3520	3092
1	3442	3152
0	3330	3209
0	3190	3275
0	3012	3341
0	2818	3410
0	2626	3476
0	2444	3533
0	2282	3593
0	2152	3650
0	2050	3701
0	1972	3746
0	1914	3779
0	1860	3803
0	1806	3821
0	1744	3833
0	1670	3836
0	1590	3836
0	1508	3839
0	1440	3821
0	1376	3797
0	1312	3773
0	1250	3746
0	1202	3728
0	1170	3704
0	1146	3647
0	1122	3581
0	1098	3521
0	1092	3449
0	1082	3359
0	1066	3275
0	1054	3188
0	1094	3107
0	1248	3023
0	1526	2936
0	1884	2849
0	2260	2768
0	2616	2699
0	2920	2624
0	3150	2549
0	3300	2477
0	3378	2414
0	3390	2366
0	3348	2321
0	3258	2273
0	3138	2225
0	2980	2180
0	2796	2129
0	2610	2078
0	2426	2027
0	2262	1976
0	2136	1928
0	2034	1889
0	1954	1850
0	1886	1811
0	1834	1769
0	1782	1733
0	1726	1691
0	1660	1661
0	1590	1625
0	1530	1592
0	1470	1553
0	1412	1517
0	1356	1493
0	1306	1481
0	1256	1475
0	1210	1463
0	1170	1469
0	1148	1487
0	1136	1490
0	1124	1466
0	1106	1427
0	1104	1382
0	1166	1343
0	1336	1313
0	1620	1286
0	1980	1262
0	2319	1241
0	2625	1232
0	2881	1220
0	3070	1202
0	3197	1184
0	3273	1172
0	3290	1169
0	3257	1178
0	3185	1181
0	3092	1181
0	2965	1178
0	2809	1178
0	2641	1181
0	2471	1184
0	2322	1187
0	2191	1190
0	2077	1187
0	1993	1190
0	1934	1193
0	1885	1193
0	1843	1199
0	1797	1199
0	1740	1193
0	1684	1190
1	1615	1196
0	1554	1199
0	1496	1196
0	1440	1196
0	1391	1205
0	1346	1223
0	1307	1244
0	1278	1262
0	1251	1292
0	1229	1328
0	1211	1355
0	1199	1346
0	1183	1319
0	1187	1283
0	1232	1250
0	1353	1229
0	1568	1214
0	1862	1196
0	2182	1184
0	2492	1181
0	2762	1184
0	2965	1178
0	3103	1172
0	3182	1166
0	3211	1169
0	3197	1184
0	3147	1196
0	3064	1199
0	2949	1202
0	2809	1208
0	2657	1217
0	2504	1232
0	2364	1244
0	2233	1250
0	2114	1256
0	2021	1262
0	1951	1274
0	1899	1280
0	1850	1286
0	1806	1289
0	1755	1286
0	1698	1289
0	1636	1295
0	1573	1295
0	1510	1295
0	1456	1301
0	1414	1310
0	1370	1316
0	1330	1316
0	1295	1325
0	1262	1340
0	1234	1367
0	1209	1385
0	1192	1406
0	1180	1442
0	1173	1472
0	1171	1472
0	1173	1448
0	1183	1415
0	1213	1379
0	1313	1361
0	1524	1349
0	1827	1340
0	2175	1337
0	2506	1358
0	2797	1385
0	3029	1412
0	3197	1439
0	3301	1466
0	3341	1508
0	3325	1562
0	3271	1616
0	3189	1667
0	3075	1718
0	2935	1772
0	2779	1838
0	2613	1904
0	2457	1970
0	2321	2039
0	2203	2102
0	2104	2177
0	2026	2246
0	1975	2318
0	1933	2387
0	1894	2453
0	1856	2519
0	1820	2582
0	1781	2648
0	1739	2714
0	1701	2783
0	1661	2846
0	1620	2918
0	1583	2993
0	1551	3068
0	1525	3143
0	1501	3203
0	1484	3260
0	1469	3320
0	1455	3392
0	1446	3473
1	1443	3539
0	1439	3593
0	1436	3647
0	1433	3695
0	1430	3737
0	1433	3776
0	1439	3824
0	1466	3869
0	1549	3905
0	1716	3929
0	1945	3944
0	2198	3959
0	2440	3974
0	2653	3974
0	2815	3959
0	2925	3926
0	2988	3887
0	3006	3854
0	2988	3818
0	2938	3770
0	2864	3710
0	2763	3641
0	2655	3569
0	2544	3494
0	2434	3416
0	2329	3335
0	2241	3260
0	2170	3182
0	2116	3101
0	2076	3017
0	2046	2936
0	2014	2852
0	1978	2768
0	1939	2687
0	1898	2606
0	1855	2531
0	1813	2462
0	1770	2396
0	1730	2342
0	1689	2285
0	1648	2225
0	1610	2174
0	1578	2135
0	1543	2108
0	1513	2078
0	1491	2033
0	1476	1991
0	1469	1961
0	1465	1913
0	1461	1838
0	1463	1751
0	1479	1676
0	1539	1609
0	1674	1549
0	1879	1485
0	2125	1425
0	2375	1380
0	2594	1346
0	2771	1313
0	2901	1271
0	2984	1226
0	3020	1193
0	3021	1178
0	2989	1170
0	2933	1163
0	2853	1151
0	2759	1136
0	2651	1121
0	2526	1114
0	2398	1106
0	2284	1091
0	2189	1076
0	2110	1065
0	2050	1061
0	1998	1050
0	1954	1050
0	1918	1039
0	1880	1028
0	1840	1016
0	1800	1009
0	1761	1001
0	1720	994
0	1670	990
0	1628	994
0	1584	998
0	1548	986
0	1515	990
0	1489	1001
0	1466	1024
0	1443	1043
0	1425	1058
0	1411	1095
0	1400	1144
0	1394	1163
0	1391	1144
0	1395	1103
0	1411	1058
0	1473	1020
0	1610	994
0	1824	968
1	2080	949
0	2335	938
0	2569	934
0	2764	930
0	2904	923
0	2998	911
0	3045	908
0	3053	919
0	3029	930
0	2975	941
0	2896	949
0	2800	956
0	2684	968
0	2555	979
0	2426	994
0	2305	1009
0	2201	1016
0	2119	1024
0	2055	1031
0	2003	1039
0	1959	1050
0	1919	1054
0	1883	1054
0	1839	1058
0	1795	1061
0	1751	1069
0	1705	1073
0	1661	1076
0	1620	1084
0	1580	1088
0	1541	1095
0	1505	1110
0	1469	1121
0	1434	1121
0	1406	1125
0	1390	1136
0	1376	1166
0	1363	1193
0	1356	1215
0	1359	1256
0	1363	1305
0	1365	1324
0	1369	1301
0	1381	1268
0	1405	1226
0	1468	1196
0	1609	1189
0	1833	1181
0	2105	1189
0	2386	1211
0	2644	1249
0	2856	1294
0	3014	1331
0	3115	1373
0	3169	1418
0	3174	1489
0	3141	1556
0	3078	1616
0	2986	1684
0	2875	1759
0	2748	1841
0	2608	1928
0	2469	2014
0	2334	2096
0	2220	2175
0	2125	2265
0	2051	2348
0	1993	2434
0	1939	2520
0	1895	2595
0	1854	2674
0	1814	2749
0	1774	2828
0	1735	2910
0	1699	2989
0	1656	3071
0	1618	3165
0	1580	3259
0	1544	3345
0	1508	3428
0	1474	3510
0	1446	3611
0	1423	3716
0	1400	3806
0	1386	3874
0	1381	3941
0	1376	4009
0	1369	4061
0	1368	4095
0	1373	4095
0	1386	4095
0	1450	4095
0	1601	4095
0	1833	4095
0	2105	4095
0	2376	4095
0	2626	4095
0	2824	4095
0	2961	4095
0	3046	4095
1	3080	4095
0	3066	4095
0	3016	4095
0	2935	4095
0	2831	4095
0	2705	4095
0	2569	4095
0	2435	4095
0	2310	4031
0	2203	3930
0	2115	3833
0	2055	3735
0	2006	3626
0	1968	3514
0	1940	3398
0	1914	3274
0	1884	3150
0	1846	3030
0	1808	2918
0	1771	2794
0	1730	2678
0	1690	2576
0	1649	2505
0	1610	2449
0	1568	2378
0	1533	2310
0	1510	2261
0	1489	2205
0	1471	2126
0	1453	2033
0	1439	1935
0	1450	1853
0	1521	1781
0	1675	1710
0	1898	1643
0	2153	1579
0	2403	1530
0	2624	1489
0	2803	1436
0	2926	1384
0	3000	1331
0	3025	1290
0	3009	1268
0	2963	1249
0	2890	1226
0	2791	1204
0	2664	1181
0	2534	1163
0	2401	1140
0	2276	1121
0	2166	1103
0	2079	1084
0	2010	1069
0	1959	1058
0	1919	1043
0	1883	1035
0	1843	1020
0	1806	1001
0	1769	994
0	1726	986
0	1680	979
0	1631	968
0	1585	956
0	1546	964
0	1513	983
0	1480	1001
0	1453	1020
0	1433	1058
0	1415	1103
0	1399	1118
0	1383	1095
0	1369	1058
0	1370	1009
0	1420	979
0	1554	956
0	1770	930
0	2031	911
0	2301	904
0	2549	904
0	2756	900
0	2910	889
0	3011	874
0	3065	870
0	3074	881
0	3046	896
0	2988	908
0	2900	908
0	2790	911
0	2666	919
0	2534	934
0	2398	949
0	2264	960
0	2145	971
0	2043	975
0	1961	983
0	1904	990
0	1856	998
0	1819	1005
0	1789	1005
0	1759	1009
1	1724	1005
0	1684	1009
0	1643	1020
0	1600	1024
0	1555	1020
0	1515	1028
0	1474	1050
0	1434	1084
0	1403	1106
0	1381	1140
0	1363	1189
0	1346	1226
0	1339	1223
0	1338	1181
0	1339	1136
0	1360	1091
0	1443	1058
0	1605	1031
0	1840	1013
0	2109	994
0	2376	990
0	2614	990
0	2805	986
0	2945	975
0	3030	971
0	3064	971
0	3056	986
0	3018	998
0	2946	1009
0	2845	1016
0	2723	1020
0	2593	1035
0	2456	1054
0	2318	1076
0	2196	1095
0	2096	1106
0	2016	1129
0	1955	1155
0	1906	1178
0	1865	1211
0	1828	1245
0	1789	1283
0	1749	1328
0	1711	1376
0	1665	1433
0	1620	1493
0	1579	1545
0	1539	1590
0	1499	1646
0	1460	1710
0	1428	1793
0	1396	1875
0	1368	1973
0	1346	2081
0	1330	2194
0	1318	2269
0	1308	2325
0	1306	2393
0	1325	2471
0	1403	2554
0	1566	2633
0	1803	2708
0	2074	2790
0	2346	2880
0	2594	2974
0	2796	3060
0	2940	3131
0	3028	3206
0	3068	3296
0	3063	3386
0	3020	3473
0	2943	3555
0	2839	3630
0	2714	3724
0	2575	3818
0	2439	3911
0	2308	3998
0	2193	4084
0	2094	4095
0	2020	4095
0	1969	4095
0	1924	4095
0	1883	4095
0	1845	4095
0	1809	4095
0	1770	4095
0	1726	4095
0	1679	4095
0	1635	4095
0	1598	4095
0	1559	4095
0	1520	4095
0	1489	4095
0	1464	4095
0	1438	4095
0	1416	4095
0	1400	4095
0	1384	4095
0	1384	4095
0	1433	4095
1	1556	4095
0	1753	4095
0	1990	4095
0	2240	4095
0	2479	4095
0	2679	4095
0	2825	3971
0	2913	3840
0	2946	3728
0	2933	3626
0	2884	3521
0	2811	3420
0	2714	3315
0	2591	3221
0	2460	3128
0	2329	3034
0	2208	2951
0	2106	2869
0	2025	2790
0	1961	2719
0	1921	2644
0	1890	2569
0	1861	2509
0	1830	2449
0	1800	2400
0	1769	2344
0	1734	2288
0	1693	2235
0	1648	2198
0	1609	2164
0	1571	2123
0	1536	2089
0	1506	2063
0	1479	2025
0	1455	1950
0	1440	1875
0	1430	1808
0	1458	1744
0	1554	1691
0	1726	1635
0	1953	1575
0	2201	1530
0	2444	1493
0	2651	1455
0	2819	1406
0	2934	1354
0	3000	1309
0	3019	1283
0	2998	1271
0	2948	1245
0	2871	1215
0	2771	1185
0	2649	1159
0	2516	1133
0	2381	1114
0	2253	1091
0	2136	1061
0	2040	1035
0	1968	1013
0	1913	998
0	1868	983
0	1825	964
0	1784	941
0	1741	923
0	1699	911
0	1655	896
0	1614	878
0	1574	863
0	1531	866
0	1489	881
0	1451	893
0	1420	908
0	1396	949
0	1378	998
0	1365	1013
0	1351	983
0	1343	938
0	1350	889
0	1405	855
0	1543	836
0	1758	814
0	2015	795
0	2281	788
0	2529	788
0	2734	784
0	2884	773
0	2984	761
0	3035	765
0	3041	773
0	3011	788
0	2953	791
0	2870	791
0	2766	795
0	2638	799
0	2495	810
0	2353	833
0	2224	844
0	2114	851
0	2021	855
0	1945	859
1	1886	870
0	1841	878
0	1796	881
0	1753	881
0	1713	881
0	1671	878
0	1625	885
0	1579	896
0	1539	900
0	1494	900
0	1451	915
0	1416	941
0	1385	971
0	1363	1005
0	1341	1046
0	1326	1106
0	1318	1159
0	1306	1174
0	1291	1163
0	1293	1140
0	1323	1136
0	1413	1148
0	1581	1174
0	1824	1211
0	2098	1256
0	2375	1324
0	2626	1391
0	2833	1455
0	2980	1515
0	3070	1579
0	3099	1661
0	3088	1748
0	3044	1834
0	2966	1913
0	2861	1999
0	2739	2084
0	2596	2165
0	2446	2249
0	2304	2330
0	2179	2408
0	2070	2483
0	1988	2564
0	1924	2648
0	1871	2726
0	1823	2804
0	1779	2882
0	1735	2957
0	1694	3035
0	1651	3107
0	1608	3182
0	1570	3260
0	1535	3335
0	1501	3401
0	1465	3467
0	1429	3539
0	1396	3629
0	1368	3716
0	1345	3782
0	1329	3836
0	1323	3896
0	1321	3953
0	1323	4001
0	1321	4052
0	1325	4095
0	1356	4095
0	1459	4095
0	1649	4095
0	1903	4095
0	2184	4095
0	2450	4095
0	2676	4095
0	2856	4095
0	2980	4095
0	3049	4095
0	3068	4095
0	3043	4095
0	2978	4095
0	2880	4095
0	2764	4095
0	2630	4095
0	2491	4095
0	2358	4095
0	2239	4040
0	2140	3950
0	2061	3860
0	2006	3764
0	1968	3662
0	1933	3560
0	1895	3464
0	1855	3371
0	1818	3275
0	1776	3182
0	1733	3080
0	1685	2978
0	1639	2891
0	1595	2828
0	1558	2777
0	1524	2711
0	1496	2648
0	1473	2594
1	1448	2534
0	1428	2456
0	1408	2375
0	1400	2291
0	1424	2222
0	1509	2147
0	1666	2084
0	1886	2015
0	2133	1952
0	2365	1904
0	2561	1856
0	2724	1799
0	2840	1742
0	2906	1688
0	2926	1652
0	2911	1622
0	2861	1589
0	2786	1556
0	2694	1520
0	2581	1487
0	2454	1454
0	2324	1421
0	2205	1388
0	2105	1355
0	2031	1325
0	1971	1298
0	1925	1271
0	1885	1247
0	1849	1217
0	1809	1193
0	1764	1172
0	1715	1151
0	1670	1127
0	1630	1103
0	1590	1094
0	1551	1094
0	1518	1094
0	1486	1094
0	1460	1109
0	1439	1139
0	1421	1160
0	1403	1148
0	1388	1115
0	1384	1079
0	1414	1040
0	1505	1016
0	1668	998
0	1878	980
0	2100	968
0	2308	968
0	2485	962
0	2620	953
0	2710	944
0	2761	938
0	2776	944
0	2768	950
0	2731	959
0	2675	956
0	2603	962
0	2513	965
0	2408	977
0	2300	989
0	2196	995
0	2108	998
0	2036	1001
0	1976	1004
0	1930	1010
0	1885	1016
0	1844	1019
0	1808	1019
0	1771	1022
0	1729	1019
0	1688	1022
0	1654	1022
0	1619	1028
0	1585	1031
0	1554	1028
0	1524	1040
0	1495	1055
0	1471	1076
0	1453	1091
0	1438	1118
0	1426	1160
0	1419	1193
0	1413	1187
0	1409	1154
0	1415	1118
0	1446	1088
0	1531	1067
0	1684	1052
0	1886	1034
0	2101	1028
0	2300	1025
0	2463	1025
0	2579	1025
0	2650	1019
0	2684	1016
0	2686	1022
0	2673	1034
0	2643	1043
1	2594	1046
0	2525	1049
0	2439	1055
0	2350	1067
0	2263	1079
0	2176	1094
0	2103	1106
0	2046	1115
0	2010	1124
0	1983	1130
0	1954	1145
0	1929	1157
0	1899	1169
0	1869	1187
0	1836	1199
0	1800	1223
0	1764	1250
0	1730	1283
0	1696	1319
0	1663	1373
0	1631	1436
0	1608	1508
0	1589	1592
0	1571	1682
0	1551	1763
0	1535	1829
0	1521	1895
0	1511	1973
0	1505	1973
0	1496	2108
0	1490	2156
0	1493	2207
0	1503	2276
0	1558	2345
0	1683	2420
0	1868	2489
0	2079	2558
0	2278	2630
0	2439	2699
0	2555	2759
0	2624	2807
0	2654	2858
0	2653	2915
0	2630	2975
0	2590	3038
0	2534	3098
0	2471	3161
0	2399	3230
0	2318	3305
0	2235	3374
0	2164	3440
0	2104	3503
0	2058	3575
0	2024	3641
0	1998	3704
0	1978	3755
0	1958	3803
0	1930	3845
0	1905	3890
0	1884	3932
0	1855	3971
0	1826	4013
0	1795	4052
0	1766	4088
0	1740	4095
0	1716	4095
0	1693	4095
0	1670	4095
0	1654	4095
0	1635	4095
0	1623	4095
0	1614	4058
0	1608	4004
0	1604	3941
0	1601	3869
0	1596	3794
0	1598	3716
0	1631	3638
0	1724	3545
0	1878	3443
0	2064	3344
0	2251	3251
0	2414	3161
0	2529	3071
0	2595	2978
0	2626	2894
0	2624	2822
0	2595	2768
0	2553	2711
0	2498	2654
0	2426	2597
0	2344	2543
0	2255	2480
0	2174	2420
0	2104	2357
0	2051	2294
0	2015	2237
0	1994	2183
0	1984	2135
0	1979	2081
1	1976	2027
0	1966	1970
0	1948	1919
0	1929	1868
0	1906	1817
0	1881	1772
0	1854	1733
0	1833	1688
0	1811	1649
0	1786	1619
0	1760	1604
0	1736	1598
0	1715	1583
0	1699	1571
0	1686	1577
0	1676	1580
0	1673	1562
0	1669	1526
0	1668	1478
0	1693	1430
0	1764	1394
0	1894	1361
0	2068	1328
0	2254	1304
0	2421	1283
0	2556	1268
0	2646	1250
0	2700	1223
0	2714	1196
0	2705	1181
0	2674	1175
0	2624	1178
0	2563	1178
0	2493	1172
0	2418	1160
0	2339	1154
0	2263	1151
0	2191	1148
0	2125	1145
0	2075	1136
0	2043	1133
0	2014	1130
0	1993	1130
0	1974	1130
0	1954	1124
0	1934	1118
0	1913	1115
0	1889	1109
0	1863	1112
0	1836	1106
0	1806	1106
0	1778	1109
0	1759	1112
0	1736	1106
0	1715	1112
0	1695	1127
0	1678	1142
0	1661	1157
0	1653	1178
0	1641	1211
0	1630	1244
0	1628	1247
0	1629	1226
0	1634	1193
0	1655	1163
0	1725	1142
0	1864	1124
0	2098	1103
0	2246	1088
0	2428	1088
0	2565	1088
0	2659	1085
0	2713	1079
0	2729	1070
0	2718	1073
0	2686	1082
0	2644	1097
0	2585	1100
0	2519	1100
0	2443	1109
0	2365	1115
0	2289	1130
0	2218	1142
0	2156	1157
0	2106	1163
0	2068	1169
0	2040	1178
0	2020	1184
0	1999	1193
0	1978	1202
0	1956	1208
0	1933	1217
0	1911	1232
0	1888	1250
0	1859	1274
0	1825	1295
0	1790	1313
0	1758	1331
0	1733	1355
0	1716	1388
1	1700	1412
0	1681	1439
0	1665	1481
0	1653	1532
0	1645	1595
0	1639	1658
0	1628	1733
0	1619	1817
0	1615	1898
0	1609	1946
0	1605	1979
0	1609	2009
0	1635	2045
0	1713	2093
0	1854	2144
0	2045	2198
0	2249	2255
0	2435	2327
0	2585	2396
0	2690	2459
0	2751	2516
0	2771	2573
0	2761	2636
0	2728	2705
0	2676	2774
0	2618	2834
0	2555	2897
0	2479	2969
0	2393	3047
0	2304	3119
0	2225	3188
0	2164	3251
0	2111	3323
0	2079	3392
0	2055	3461
0	2035	3521
0	2011	3581
0	1988	3638
0	1955	3695
0	1915	3749
0	1874	3806
0	1832	3866
0	1785	3923
0	1734	3977
0	1691	4031
0	1650	4091
0	1614	4095
0	1580	4095
0	1549	4095
0	1521	4095
0	1495	4095
0	1472	4095
0	1460	4095
0	1451	4095
0	1442	4095
0	1435	4095
0	1439	4095
0	1442	4049
0	1446	3977
0	1468	3902
0	1549	3818
0	1731	3722
0	1995	3617
0	2287	3506
0	2562	3401
0	2786	3290
0	2942	3173
0	3038	3056
0	3080	2954
0	3073	2876
0	3028	2810
0	2949	2756
0	2853	2693
0	2741	2633
0	2620	2570
0	2489	2498
0	2366	2429
0	2261	2357
0	2182	2288
0	2125	2225
0	2079	2165
0	2056	2108
0	2042	2108
0	2021	1982
0	1992	1925
0	1957	1868
0	1920	1814
0	1873	1763
0	1825	1712
0	1783	1667
0	1745	1625
0	1705	1577
0	1664	1535
0	1628	1502
0	1593	1484
0	1565	1463
0	1537	1442
0	1517	1439
0	1502	1445
0	1486	1433
1	1475	1394
0	1472	1343
0	1482	1292
0	1549	1250
0	1715	1217
0	1965	1184
0	2263	1157
0	2548	1139
0	2791	1121
0	2977	1109
0	3099	1091
0	3164	1070
0	3183	1055
0	3173	1052
0	3127	1061
0	3057	1064
0	2966	1067
0	2860	1067
0	2742	1061
0	2615	1061
0	2480	1070
0	2363	1064
0	2266	1064
0	2188	1061
0	2132	1061
0	2077	1064
0	2030	1067
0	1981	1067
0	1937	1067
0	1899	1061
0	1855	1058
0	1804	1055
0	1755	1058
0	1699	1061
0	1642	1061
0	1587	1061
0	1538	1070
0	1495	1091
0	1451	1109
0	1405	1127
0	1369	1154
0	1349	1193
0	1335	1220
0	1327	1211
0	1314	1181
0	1302	1142
0	1330	1115
0	1449	1091
0	1671	1073
0	1962	1058
0	2302	1049
0	2632	1049
0	2908	1052
0	3120	1049
0	3264	1040
0	3340	1031
0	3358	1034
0	3330	1049
0	3264	1061
0	3164	1067
0	3042	1070
0	2900	1079
0	2746	1091
0	2588	1103
0	2436	1115
0	2298	1124
0	2182	1127
0	2098	1130
0	2030	1142
0	1980	1151
0	1930	1157
0	1878	1160
0	1820	1160
0	1760	1163
0	1698	1163
0	1638	1172
0	1572	1178
0	1498	1184
0	1428	1187
0	1366	1187
0	1316	1199
0	1270	1226
0	1234	1250
0	1206	1274
0	1174	1304
0	1146	1340
0	1122	1355
0	1108	1343
0	1098	1310
0	1102	1277
0	1170	1253
0	1356	1244
0	1660	1238
0	2016	1232
0	2376	1244
0	2698	1265
0	2960	1289
0	3158	1313
0	3282	1340
0	3344	1376
1	3354	1427
0	3318	1487
0	3244	1541
0	3130	1595
0	2994	1652
0	2838	1712
0	2660	1778
0	2480	1847
0	2316	1913
0	2176	1979
0	2060	1979
0	1978	2123
0	1920	2198
0	1878	2267
0	1828	2333
0	1772	2402
0	1716	2468
0	1650	2534
0	1586	2606
0	1514	2675
0	1438	2744
0	1368	2810
0	1306	2870
0	1248	2930
0	1190	3005
0	1144	3092
0	1108	3173
0	1082	3239
0	1060	3302
0	1042	3368
0	1038	3419
0	1030	3461
0	1030	3515
0	1048	3572
0	1118	3626
0	1290	3674
0	1568	3719
0	1926	3761
0	2304	3815
0	2658	3866
0	2948	3911
0	3166	3947
0	3310	3977
0	3386	4016
0	3392	4061
0	3338	4095
0	3248	4095
0	3120	4095
0	2966	4095
0	2796	4095
0	2614	4095
0	2432	4095
0	2276	4095
0	2156	4095
0	2070	4095
0	2006	4095
0	1950	4095
0	1900	4095
0	1852	4095
0	1800	4095
0	1746	4095
0	1684	4095
0	1616	4046
0	1552	3983
0	1484	3920
0	1418	3863
0	1354	3818
0	1298	3767
0	1250	3692
0	1206	3608
0	1172	3527
0	1146	3446
0	1124	3347
0	1114	3251
0	1106	3161
0	1140	3083
0	1268	3005
0	1514	2921
0	1854	2837
0	2226	2765
0	2580	2702
0	2882	2642
0	3120	2570
0	3284	2492
0	3378	2420
0	3408	2363
0	3386	2315
0	3322	2267
0	3214	2216
0	3072	2162
0	2904	2114
0	2722	2066
0	2544	2015
0	2374	1964
0	2228	1916
0	2112	1871
0	2026	1832
0	1956	1790
0	1900	1751
0	1854	1706
1	1798	1661
0	1740	1616
0	1676	1574
0	1608	1538
0	1534	1499
0	1460	1460
0	1386	1418
0	1318	1388
0	1266	1376
0	1218	1370
0	1170	1352
0	1130	1352
0	1102	1364
0	1082	1364
0	1072	1334
0	1058	1289
0	1068	1244
0	1152	1199
0	1340	1169
0	1632	1142
0	1994	1115
0	2378	1091
0	2742	1082
0	3046	1070
0	3280	1052
0	3438	1031
0	3528	1019
0	3554	1016
0	3522	1019
0	3438	1028
0	3312	1031
0	3156	1028
0	2980	1028
0	2788	1028
0	2588	1034
0	2398	1037
0	2234	1040
0	2096	1034
0	1994	1034
0	1914	1034
0	1846	1040
0	1782	1040
0	1720	1037
0	1658	1037
0	1594	1040
0	1528	1037
0	1456	1034
0	1386	1031
0	1310	1043
0	1238	1049
0	1178	1046
0	1124	1046
0	1082	1058
0	1046	1076
0	1012	1094
0	986	1109
0	968	1145
0	966	1187
0	964	1205
0	958	1193
0	966	1160
0	1000	1124
0	1090	1097
0	1298	1082
0	1626	1061
0	2028	1049
0	2444	1040
0	2832	1040
0	3154	1040
0	3402	1034
0	3576	1025
0	3674	1025
0	3692	1034
0	3650	1046
0	3554	1055
0	3410	1058
0	3240	1061
0	3048	1070
0	2842	1082
0	2626	1097
0	2430	1109
0	2258	1115
0	2116	1121
0	2002	1130
0	1914	1136
0	1842	1139
0	1780	1145
0	1722	1148
0	1656	1154
0	1588	1157
0	1514	1160
0	1436	1166
0	1364	1172
0	1296	1175
0	1226	1181
0	1162	1193
0	1116	1202
0	1076	1205
0	1046	1211
0	1012	1229
1	982	1253
0	964	1271
0	954	1298
0	944	1334
0	934	1370
0	934	1370
0	952	1346
0	976	1307
0	1024	1271
0	1152	1247
0	1412	1235
0	1786	1223
0	2220	1217
0	2648	1226
0	3022	1241
0	3330	1259
0	3562	1274
0	3710	1295
0	3774	1322
0	3766	1367
0	3696	1415
0	3582	1457
0	3420	1499
0	3224	1544
0	3016	1601
0	2796	1658
0	2580	1718
0	2386	1778
0	2228	1838
0	2094	1901
0	1986	1967
0	1900	2036
0	1834	2099
0	1768	2162
0	1702	2222
0	1632	2279
0	1560	2339
0	1486	2402
0	1418	2462
0	1348	2525
0	1284	2591
0	1216	2663
0	1152	2735
0	1098	2804
0	1056	2870
0	1016	2936
0	980	3014
0	950	3104
0	922	3182
0	906	3239
0	898	3305
0	900	3365
0	908	3413
0	916	3464
0	930	3518
0	968	3581
0	1092	3638
0	1350	3686
0	1734	3725
0	2182	3773
0	2622	3827
0	3020	3875
0	3342	3917
0	3576	3947
0	3716	3980
0	3764	4028
0	3746	4076
0	3674	4095
0	3548	4095
0	3380	4095
0	3178	4095
0	2954	4095
0	2724	4095
0	2504	4095
0	2316	4095
0	2182	4095
0	2090	4095
0	2023	4095
0	1974	4095
0	1925	4095
0	1874	4095
0	1824	4095
0	1764	4095
0	1705	4095
0	1640	4067
0	1573	4004
0	1505	3926
0	1446	3854
0	1398	3794
0	1355	3752
0	1314	3710
0	1286	3647
0	1264	3575
0	1241	3512
0	1216	3443
0	1202	3353
0	1194	3266
0	1195	3188
0	1236	3116
0	1353	3044
1	1589	2966
0	1918	2891
0	2275	2828
0	2625	2768
0	2928	2711
0	3168	2639
0	3332	2567
0	3421	2501
0	3442	2459
0	3406	2423
0	3316	2384
0	3203	2342
0	3054	2294
0	2875	2246
0	2683	2198
0	2485	2150
0	2308	2102
0	2167	2054
0	2055	2003
0	1964	1950
0	1890	1898
0	1834	1849
0	1790	1796
0	1748	1748
0	1706	1695
0	1664	1658
0	1615	1620
0	1559	1590
0	1502	1549
0	1440	1500
0	1377	1466
0	1321	1455
0	1276	1455
0	1236	1444
0	1201	1440
0	1171	1451
0	1153	1466
0	1145	1440
0	1136	1391
0	1136	1335
0	1173	1290
0	1293	1253
0	1531	1215
0	1873	1178
0	2251	1144
0	2622	1121
0	2945	1103
0	3203	1073
0	3385	1039
0	3488	1005
0	3525	983
0	3505	975
0	3439	975
0	3330	964
0	3187	953
0	3017	938
0	2826	923
0	2634	923
0	2450	915
0	2282	908
0	2135	896
0	2023	889
0	1937	881
0	1869	881
0	1811	870
0	1764	870
0	1710	863
0	1654	848
0	1600	844
0	1544	836
0	1481	833
0	1414	829
0	1353	836
0	1299	833
0	1255	825
0	1218	840
0	1185	859
0	1153	878
0	1118	893
0	1082	923
0	1054	971
0	1040	990
0	1036	971
0	1036	941
0	1054	900
0	1132	866
0	1327	844
0	1635	825
0	2009	803
0	2295	795
0	2550	795
0	2769	795
0	2936	788
0	3045	776
0	3096	773
0	3104	784
0	3076	803
0	3020	818
0	2938	818
0	2841	825
1	2718	833
0	2578	848
0	2438	866
0	2310	881
0	2196	896
0	2101	900
0	2023	911
0	1960	923
0	1916	930
0	1876	934
0	1839	938
0	1801	938
0	1761	941
0	1719	949
0	1674	956
0	1635	968
0	1594	971
0	1555	979
0	1521	990
0	1488	1009
0	1453	1016
0	1430	1016
0	1415	1028
0	1400	1050
0	1385	1076
0	1371	1099
0	1361	1133
0	1359	1181
0	1365	1215
0	1369	1204
0	1378	1170
0	1389	1118
0	1428	1073
0	1531	1043
0	1719	1016
0	1966	998
0	2240	986
0	2498	986
0	2718	994
0	2886	994
0	3004	990
0	3061	994
0	3076	1009
0	3058	1039
0	3009	1069
0	2934	1088
0	2838	1118
0	2720	1155
0	2594	1204
0	2466	1256
0	2343	1313
0	2235	1361
0	2149	1418
0	2079	1485
0	2021	1560
0	1976	1635
0	1941	1714
0	1904	1789
0	1866	1871
0	1828	1958
0	1785	2044
0	1740	2134
0	1696	2220
0	1653	2306
0	1611	2396
0	1575	2494
0	1540	2591
0	1513	2689
0	1480	2779
0	1451	2858
0	1433	2940
0	1415	3045
0	1403	3154
0	1390	3251
0	1379	3345
0	1376	3443
0	1378	3533
0	1381	3611
0	1388	3698
0	1399	3780
0	1430	3870
0	1516	3949
0	1689	4028
0	1933	4095
0	2199	4095
0	2445	4095
0	2658	4095
0	2824	4095
0	2936	4095
0	2999	4095
0	3015	4095
0	2995	4095
0	2949	4095
0	2876	4095
0	2785	4095
0	2674	4095
0	2553	4095
0	2429	4095
0	2318	4095
0	2223	4095
1	2153	4095
0	2101	4095
0	2060	4095
0	2019	4095
0	1984	4095
0	1951	4095
0	1915	4095
0	1873	4095
0	1829	4095
0	1785	4095
0	1744	4095
0	1706	4095
0	1665	4095
0	1628	4095
0	1596	4095
0	1571	4095
0	1550	4095
0	1534	4095
0	1516	4095
0	1505	4095
0	1499	4095
0	1496	4095
0	1494	4095
0	1493	4095
0	1504	3994
0	1560	3870
0	1683	3739
0	1878	3596
0	2110	3476
0	2346	3368
0	2555	3263
0	2723	3154
0	2839	3041
0	2910	2929
0	2939	2839
0	2934	2771
0	2900	2696
0	2840	2621
0	2753	2543
0	2648	2456
0	2535	2370
0	2420	2284
0	2311	2194
0	2216	2111
0	2141	2029
0	2088	1950
0	2040	1886
0	2014	1815
0	1984	1744
0	1951	1680
0	1910	1613
0	1873	1541
0	1830	1478
0	1789	1418
0	1748	1358
0	1710	1294
0	1670	1234
0	1629	1185
0	1593	1159
0	1561	1136
0	1529	1118
0	1503	1106
0	1489	1114
0	1475	1125
0	1464	1103
0	1453	1058
0	1444	998
0	1463	945
0	1549	900
0	1716	866
0	1938	829
0	2178	791
0	2413	776
0	2618	754
0	2779	739
0	2894	716
0	2955	690
0	2981	675
0	2984	675
0	2960	679
0	2909	683
0	2835	679
0	2743	675
0	2631	675
0	2510	679
0	2388	686
0	2278	683
0	2188	686
0	2114	683
0	2053	683
0	2003	686
0	1959	690
0	1914	690
0	1871	686
0	1831	683
0	1789	683
0	1746	683
0	1704	686
0	1659	690
0	1611	701
1	1570	701
0	1538	705
0	1505	709
0	1478	731
0	1449	754
0	1425	773
0	1405	803
0	1386	848
0	1379	889
0	1379	893
0	1376	863
0	1378	825
0	1401	780
0	1485	754
0	1653	731
0	1880	713
0	2134	698
0	2386	690
0	2604	694
0	2773	694
0	2896	686
0	2976	675
0	3015	683
0	3016	690
0	2985	709
0	2926	716
0	2843	724
0	2743	728
0	2625	735
0	2494	758
0	2364	776
0	2245	791
0	2146	799
0	2070	806
0	2011	818
0	1964	825
0	1925	836
0	1890	844
0	1858	851
0	1820	855
0	1781	863
0	1739	870
0	1699	885
0	1656	900
0	1616	923
0	1574	949
0	1531	983
0	1494	1016
0	1466	1046
0	1445	1088
0	1429	1144
0	1414	1219
0	1399	1301
0	1386	1388
0	1381	1496
0	1378	1605
0	1379	1680
0	1383	1725
0	1390	1763
0	1418	1811
0	1499	1871
0	1665	1928
0	1896	1991
0	2156	2063
0	2405	2145
0	2619	2220
0	2794	2284
0	2923	2325
0	3000	2366
0	3029	2419
0	3019	2483
0	2975	2539
0	2908	2595
0	2818	2659
0	2710	2730
0	2593	2813
0	2469	2899
0	2349	2985
0	2244	3075
0	2154	3158
0	2085	3244
0	2031	3330
0	1986	3409
0	1953	3484
0	1914	3544
0	1874	3611
0	1834	3679
0	1793	3743
0	1749	3806
0	1706	3866
0	1664	3915
0	1619	3971
0	1575	4028
0	1538	4080
0	1509	4095
0	1481	4095
0	1456	4095
0	1436	4095
0	1424	4095
0	1414	4095
1	1405	4095
0	1404	4095
0	1406	4095
0	1408	4020
0	1414	3926
0	1423	3836
0	1445	3746
0	1523	3645
0	1680	3540
0	1908	3424
0	2161	3311
0	2408	3203
0	2621	3094
0	2790	2974
0	2909	2846
0	2979	2730
0	2999	2629
0	2985	2546
0	2935	2468
0	2861	2385
0	2766	2306
0	2655	2220
0	2534	2141
0	2416	2059
0	2303	1973
0	2204	1894
0	2125	1826
0	2073	1763
0	2033	1710
0	1994	1650
0	1958	1598
0	1929	1541
0	1900	1493
0	1869	1448
0	1831	1403
0	1789	1358
0	1750	1313
0	1705	1271
0	1659	1241
0	1623	1211
0	1591	1178
0	1559	1148
0	1536	1129
0	1519	1125
0	1503	1121
0	1486	1118
0	1471	1136
0	1460	1155
0	1450	1151
0	1444	1118
0	1440	1069
0	1451	1013
0	1509	971
0	1649	941
0	1861	911
0	2116	878
0	2371	859
0	2600	851
0	2794	840
0	2935	818
0	3030	795
0	3078	788
0	3084	791
0	3058	803
0	3005	814
0	2928	818
0	2829	821
0	2715	829
0	2589	840
0	2460	848
0	2338	855
0	2234	859
0	2149	863
0	2079	863
0	2025	870
0	1981	874
0	1940	878
0	1899	878
0	1855	874
0	1810	874
0	1764	881
0	1716	885
0	1674	885
0	1635	889
0	1599	896
0	1560	908
0	1528	923
0	1494	926
0	1461	926
0	1431	941
0	1406	960
0	1390	986
0	1381	1009
0	1376	1043
0	1376	1091
0	1378	1121
0	1383	1106
0	1384	1069
0	1393	1024
0	1426	983
1	1525	953
0	1710	926
0	1958	900
0	2238	889
0	2500	885
0	2729	889
0	2911	881
0	3043	881
0	3119	874
0	3146	878
0	3133	896
0	3085	915
0	3008	926
0	2906	934
0	2788	941
0	2655	956
0	2516	971
0	2384	994
0	2266	1001
0	2164	1013
0	2083	1020
0	2016	1028
0	1964	1043
0	1920	1050
0	1885	1054
0	1850	1061
0	1811	1065
0	1773	1065
0	1733	1076
0	1691	1084
0	1646	1091
0	1604	1095
0	1565	1106
0	1530	1118
0	1500	1133
0	1473	1140
0	1445	1140
0	1424	1151
0	1404	1174
0	1390	1204
0	1384	1230
0	1378	1260
0	1373	1301
0	1369	1328
0	1373	1320
0	1381	1286
0	1391	1238
0	1424	1189
0	1510	1155
0	1684	1125
0	1931	1095
0	2210	1084
0	2486	1080
0	2733	1080
0	2929	1076
0	3071	1065
0	3158	1058
0	3194	1065
0	3181	1084
0	3130	1106
0	3063	1114
0	2964	1129
0	2838	1144
0	2695	1166
0	2545	1193
0	2401	1226
0	2276	1253
0	2175	1279
0	2094	1316
0	2028	1361
0	1975	1418
0	1939	1474
0	1904	1526
0	1865	1583
0	1821	1639
0	1781	1703
0	1740	1778
0	1694	1853
0	1645	1928
0	1599	2014
0	1555	2093
0	1514	2168
0	1476	2240
0	1444	2303
0	1414	2366
0	1393	2432
0	1380	2513
0	1373	2600
0	1366	2669
0	1359	2738
0	1350	2807
0	1354	2870
0	1360	2921
0	1365	2975
0	1378	3035
0	1419	3095
0	1530	3152
0	1731	3203
0	2000	3251
0	2288	3311
1	2559	3371
0	2793	3419
0	2974	3467
0	3099	3503
0	3169	3545
0	3190	3596
0	3165	3650
0	3099	3692
0	3004	3722
0	2883	3758
0	2746	3791
0	2600	3815
0	2459	3827
0	2328	3827
0	2216	3824
0	2129	3818
0	2066	3800
0	2019	3770
0	1985	3722
0	1955	3665
0	1921	3599
0	1881	3527
0	1844	3452
0	1809	3371
0	1769	3293
0	1726	3215
0	1681	3128
0	1633	3044
0	1589	2975
0	1555	2918
0	1525	2873
0	1500	2807
0	1479	2744
0	1459	2690
0	1444	2630
0	1433	2549
0	1425	2462
0	1423	2381
0	1443	2303
0	1523	2234
0	1686	2165
0	1913	2096
0	2166	2033
0	2424	1976
0	2654	1925
0	2839	1868
0	2966	1811
0	3041	1751
0	3061	1715
0	3039	1691
0	2983	1667
0	2898	1640
0	2786	1616
0	2654	1586
0	2514	1559
0	2373	1535
0	2249	1508
0	2143	1484
0	2060	1463
0	1999	1448
0	1954	1433
0	1916	1421
0	1886	1403
0	1858	1385
0	1824	1373
0	1788	1358
0	1746	1349
0	1704	1337
0	1663	1328
0	1618	1310
0	1574	1307
0	1535	1310
0	1499	1325
0	1465	1337
0	1436	1355
0	1414	1388
0	1395	1418
0	1384	1421
0	1378	1403
0	1375	1367
0	1391	1328
0	1461	1295
0	1613	1274
0	1846	1256
0	2120	1244
0	2396	1235
0	2646	1232
0	2859	1226
0	3015	1217
0	3115	1202
0	3165	1199
0	3163	1205
0	3123	1217
0	3049	1226
0	2949	1226
0	2826	1226
0	2686	1235
0	2539	1247
0	2396	1259
0	2268	1265
1	2154	1274
0	2061	1271
0	1985	1280
0	1930	1283
0	1884	1286
0	1848	1289
0	1810	1286
0	1764	1286
0	1720	1289
0	1678	1292
0	1639	1289
0	1603	1292
0	1561	1295
0	1519	1319
0	1485	1343
0	1453	1361
0	1423	1394
0	1399	1430
0	1383	1451
0	1373	1442
0	1365	1409
0	1363	1370
0	1394	1337
0	1491	1313
0	1671	1295
0	1909	1280
0	2176	1271
0	2439	1271
0	2665	1271
0	2839	1271
0	2959	1268
0	3029	1268
0	3049	1280
0	3028	1304
0	2974	1322
0	2893	1337
0	2786	1358
0	2664	1385
0	2529	1421
0	2393	1469
0	2264	1520
0	2151	1565
0	2059	1616
0	1985	1670
0	1926	1733
0	1879	1799
0	1841	1868
0	1809	1928
0	1774	1991
0	1734	2060
0	1685	2138
0	1635	2207
0	1589	2276
0	1544	2342
0	1510	2423
0	1478	2516
0	1444	2606
0	1411	2687
0	1385	2768
0	1366	2852
0	1350	2918
0	1334	2978
0	1325	3044
0	1331	3113
0	1379	3188
0	1489	3254
0	1679	3311
0	1924	3371
0	2193	3437
0	2448	3503
0	2663	3566
0	2826	3614
0	2938	3665
0	2998	3725
0	3010	3791
0	2984	3854
0	2924	3917
0	2831	3980
0	2720	4046
0	2589	4095
0	2445	4095
0	2304	4095
0	2183	4095
0	2090	4095
0	2023	4095
0	1973	4095
0	1935	4095
0	1903	4095
0	1868	4095
0	1831	4095
0	1794	4095
0	1751	4095
0	1704	4095
0	1654	4095
0	1610	4095
0	1569	4095
0	1531	4095
0	1503	4095
0	1475	4095
0	1453	4095
1	1434	4016
0	1424	3914
0	1418	3815
0	1413	3719
0	1431	3629
0	1510	3533
0	1664	3428
0	1876	3326
0	2113	3230
0	2349	3137
0	2559	3047
0	2725	2945
0	2835	2846
0	2893	2762
0	2906	2699
0	2885	2636
0	2835	2576
0	2756	2513
0	2650	2444
0	2526	2381
0	2394	2318
0	2269	2258
0	2159	2195
0	2068	2129
0	1998	2072
0	1945	2015
0	1908	1958
0	1880	1901
0	1851	1844
0	1816	1790
0	1778	1742
0	1730	1694
0	1685	1640
0	1645	1586
0	1605	1541
0	1568	1511
0	1530	1487
0	1498	1466
0	1473	1460
0	1451	1466
0	1435	1460
0	1419	1421
0	1410	1370
0	1415	1319
0	1456	1274
0	1566	1238
0	1744	1205
0	1958	1178
0	2183	1157
0	2390	1145
0	2565	1130
0	2703	1112
0	2795	1091
0	2848	1079
0	2865	1076
0	2848	1079
0	2803	1082
0	2735	1082
0	2650	1076
0	2546	1073
0	2431	1073
0	2315	1076
0	2206	1082
0	2114	1085
0	2039	1079
0	1975	1079
0	1925	1076
0	1884	1079
0	1846	1079
0	1811	1073
0	1771	1070
0	1730	1067
0	1683	1070
0	1640	1070
0	1596	1064
0	1554	1070
0	1519	1088
0	1493	1106
0	1469	1121
0	1450	1148
0	1433	1196
0	1419	1226
0	1405	1226
0	1396	1202
0	1394	1163
0	1424	1133
0	1513	1115
0	1661	1100
0	1856	1082
0	2064	1076
0	2259	1076
0	2424	1076
0	2550	1073
0	2636	1064
0	2690	1058
0	2716	1067
0	2713	1076
0	2680	1085
0	2628	1085
0	2565	1085
1	2484	1094
0	2389	1103
0	2293	1118
0	2204	1133
0	2124	1145
0	2059	1160
0	2009	1172
0	1970	1184
0	1935	1202
0	1900	1220
0	1864	1238
0	1829	1259
0	1791	1277
0	1749	1301
0	1705	1340
0	1668	1388
0	1629	1448
0	1594	1517
0	1565	1586
0	1535	1652
0	1508	1724
0	1488	1799
0	1465	1889
0	1445	1982
0	1433	2069
0	1423	2168
0	1415	2264
0	1415	2342
0	1419	2405
0	1424	2462
0	1433	2531
0	1473	2603
0	1579	2663
0	1728	2729
0	1939	2795
0	2158	2861
0	2351	2936
0	2509	2999
0	2623	3053
0	2693	3101
0	2725	3158
0	2726	3218
0	2704	3281
0	2661	3329
0	2603	3374
0	2533	3419
0	2456	3479
0	2369	3539
0	2285	3605
0	2209	3665
0	2145	3728
0	2094	3794
0	2055	3860
0	2023	3923
0	1989	3980
0	1955	4028
0	1923	4073
0	1891	4095
0	1859	4095
0	1828	4095
0	1791	4095
0	1760	4095
0	1733	4095
0	1704	4095
0	1670	4095
0	1636	4095
0	1611	4095
0	1595	4095
0	1590	4095
0	1586	4043
0	1584	3968
0	1580	3884
0	1574	3782
0	1566	3677
0	1563	3575
0	1581	3479
0	1644	3383
0	1766	3278
0	1941	3173
0	2139	3080
0	2324	2999
0	2475	2918
0	2584	2831
0	2650	2744
0	2681	2666
0	2678	2618
0	2650	2570
0	2609	2516
0	2554	2456
0	2486	2396
0	2405	2339
0	2316	2276
0	2238	2210
0	2178	2141
0	2130	2078
0	2091	2018
0	2060	1958
0	2035	1904
0	2016	1850
0	1995	1796
1	1971	1742
0	1943	1697
0	1914	1649
0	1884	1601
0	1845	1556
0	1809	1514
0	1775	1478
0	1741	1439
0	1714	1394
0	1690	1367
0	1670	1349
0	1651	1340
0	1633	1322
0	1619	1322
0	1605	1337
0	1595	1349
0	1588	1328
0	1579	1292
0	1579	1247
0	1609	1208
0	1700	1181
0	1858	1151
0	2054	1124
0	2255	1106
0	2435	1091
0	2575	1082
0	2675	1070
0	2741	1052
0	2771	1034
0	2773	1031
0	2760	1034
0	2725	1037
0	2674	1040
0	2615	1037
0	2545	1037
0	2466	1040
0	2381	1049
0	2295	1052
0	2220	1052
0	2159	1052
0	2113	1049
0	2080	1052
0	2055	1055
0	2026	1052
0	1994	1052
0	1960	1052
0	1924	1049
0	1886	1049
0	1845	1049
0	1803	1052
0	1764	1055
0	1733	1052
0	1699	1061
0	1671	1070
0	1646	1070
0	1618	1070
0	1591	1076
0	1564	1088
0	1546	1109
0	1540	1121
0	1536	1145
0	1525	1187
0	1520	1214
0	1515	1214
0	1510	1190
0	1515	1163
0	1549	1127
0	1634	1109
0	1790	1085
0	1990	1070
0	2200	1058
0	2390	1055
0	2550	1058
0	2673	1055
0	2753	1046
0	2796	1040
0	2809	1049
0	2796	1061
0	2765	1070
0	2714	1079
0	2645	1082
0	2563	1085
0	2474	1097
0	2390	1112
0	2310	1124
0	2235	1136
0	2176	1148
0	2136	1160
0	2103	1178
0	2068	1199
0	2035	1223
0	2005	1247
0	1971	1280
0	1936	1316
0	1900	1358
0	1859	1409
0	1819	1463
0	1778	1517
0	1739	1568
0	1705	1622
1	1673	1682
0	1644	1742
0	1614	1799
0	1586	1859
0	1563	1934
0	1545	2024
0	1531	2111
0	1518	2195
0	1505	2285
0	1498	2369
0	1493	2438
0	1491	2492
0	1494	2549
0	1508	2612
0	1549	2684
0	1654	2753
0	1830	2819
0	2043	2885
0	2343	2954
0	2616	3026
0	2837	3086
0	2998	3134
0	3101	3179
0	3147	3236
0	3147	3302
0	3119	3365
0	3070	3410
0	2991	3464
0	2882	3518
0	2762	3581
0	2629	3644
0	2496	3698
0	2378	3746
0	2282	3794
0	2209	3842
0	2153	3875
0	2112	3908
0	2074	3920
0	2028	3926
0	1981	3920
0	1936	3911
0	1880	3890
0	1824	3863
0	1764	3830
0	1703	3791
0	1636	3752
0	1573	3701
0	1526	3641
0	1482	3575
0	1444	3515
0	1419	3470
0	1397	3416
0	1384	3338
0	1372	3257
0	1363	3188
0	1356	3116
0	1346	3026
0	1337	2939
0	1337	2858
0	1370	2783
0	1481	2711
0	1692	2630
0	1974	2555
0	2277	2486
0	2559	2426
0	2797	2369
0	2980	2300
0	3099	2228
0	3159	2165
0	3168	2123
0	3136	2084
0	3078	2045
0	2993	2000
0	2882	1958
0	2755	1913
0	2616	1865
0	2478	1820
0	2356	1775
0	2258	1727
0	2184	1685
0	2121	1649
0	2070	1613
0	2027	1577
0	1986	1538
0	1950	1505
0	1901	1469
0	1848	1442
0	1799	1415
0	1740	1388
0	1675	1370
0	1621	1355
0	1566	1337
0	1517	1316
0	1465	1295
0	1412	1292
0	1369	1286
0	1339	1286
0	1314	1292
0	1292	1313
0	1278	1337
1	1272	1337
0	1267	1310
0	1264	1271
0	1283	1235
0	1370	1208
0	1566	1181
0	1852	1157
0	2177	1139
0	2503	1127
0	2790	1121
0	3024	1115
0	3199	1100
0	3313	1088
0	3367	1079
0	3379	1085
0	3351	1097
0	3295	1100
0	3208	1097
0	3085	1097
0	2937	1103
0	2770	1115
0	2604	1124
0	2452	1130
0	2322	1133
0	2214	1136
0	2128	1136
0	2058	1142
0	1982	1148
0	1912	1148
0	1848	1151
0	1776	1151
0	1704	1151
0	1638	1154
0	1570	1157
0	1500	1160
0	1434	1160
0	1374	1169
0	1310	1175
0	1244	1178
0	1184	1181
0	1140	1190
0	1100	1211
0	1074	1232
0	1054	1247
0	1042	1271
0	1036	1307
0	1034	1337
0	1028	1331
0	1018	1307
0	1028	1271
0	1086	1238
0	1236	1211
0	1514	1190
0	1884	1172
0	2302	1157
0	2696	1157
0	3036	1160
0	3306	1157
0	3494	1151
0	3616	1145
0	3668	1154
0	3650	1172
0	3586	1190
0	3484	1208
0	3338	1226
0	3168	1250
0	2978	1289
0	2778	1328
0	2572	1376
0	2388	1421
0	2236	1469
0	2116	1526
0	2026	1586
0	1952	1652
0	1892	1715
0	1826	1775
0	1762	1844
0	1698	1910
0	1636	1982
0	1576	2054
0	1508	2132
0	1434	2207
0	1356	2279
0	1290	2360
0	1236	2441
0	1184	2516
0	1142	2582
0	1102	2651
0	1072	2729
0	1040	2828
0	1006	2921
0	994	3002
0	992	3083
0	996	3164
0	1002	3230
0	1006	3287
0	1010	3353
0	1032	3419
0	1126	3482
0	1348	3530
1	1696	3572
0	2114	3623
0	2540	3677
0	2924	3731
0	3242	3773
0	3478	3797
0	3634	3818
0	3708	3842
0	3712	3866
0	3652	3884
0	3540	3890
0	3398	3887
0	3218	3875
0	3010	3860
0	2794	3836
0	2574	3800
0	2390	3752
0	2252	3701
0	2154	3644
0	2072	3581
0	2002	3509
0	1944	3434
0	1888	3353
0	1826	3272
0	1764	3191
0	1698	3107
0	1634	3032
0	1568	2948
0	1494	2861
0	1418	2777
0	1342	2708
0	1272	2654
0	1216	2612
0	1178	2555
0	1146	2498
0	1116	2453
0	1096	2402
0	1084	2333
0	1078	2255
0	1080	2183
0	1110	2117
0	1234	2057
0	1496	1991
0	1858	1925
0	2252	1868
0	2642	1826
0	2980	1784
0	3250	1742
0	3452	1691
0	3574	1643
0	3618	1604
0	3592	1583
0	3508	1562
0	3378	1535
0	3218	1511
0	3032	1487
0	2822	1460
0	2610	1439
0	2412	1412
0	2244	1385
0	2108	1367
0	1996	1349
0	1904	1340
0	1834	1328
0	1780	1313
0	1728	1295
0	1676	1280
0	1618	1262
0	1554	1250
0	1480	1241
0	1412	1232
0	1348	1217
0	1288	1205
0	1224	1205
0	1172	1217
0	1128	1229
0	1086	1238
0	1052	1259
0	1026	1292
0	1014	1310
0	1002	1298
0	990	1262
0	996	1226
0	1058	1193
0	1236	1175
0	1546	1154
0	1946	1136
0	2378	1127
0	2786	1121
0	3138	1121
0	3418	1115
0	3610	1100
0	3714	1091
0	3734	1091
0	3692	1103
0	3612	1106
0	3492	1112
0	3326	1112
0	3126	1115
0	2908	1121
1	2690	1130
0	2476	1142
0	2288	1145
0	2132	1148
0	2008	1151
0	1912	1154
0	1836	1166
0	1768	1166
0	1706	1169
0	1642	1169
0	1578	1169
0	1516	1172
0	1444	1178
0	1364	1181
0	1292	1184
0	1230	1196
0	1174	1199
0	1114	1205
0	1062	1211
0	1014	1226
0	980	1256
0	954	1286
0	938	1319
0	914	1370
0	902	1424
0	896	1463
0	898	1472
0	906	1475
0	924	1487
0	1012	1511
0	1226	1544
0	1572	1580
0	2006	1619
0	2460	1673
0	2886	1730
0	3252	1787
0	3538	1847
0	3740	1907
0	3848	1970
0	3868	2045
0	3812	2123
0	3706	2198
0	3560	2267
0	3376	2339
0	3164	2417
0	2924	2498
0	2682	2573
0	2458	2648
0	2270	2720
0	2116	2795
0	2006	2876
0	1930	2945
0	1871	3014
0	1818	3077
0	1761	3137
0	1703	3197
0	1642	3257
0	1577	3314
0	1507	3374
0	1440	3431
0	1376	3482
0	1314	3524
0	1264	3560
0	1225	3593
0	1185	3635
0	1152	3674
0	1117	3683
0	1085	3677
0	1071	3665
0	1062	3644
0	1061	3599
0	1061	3539
0	1062	3479
0	1087	3413
0	1185	3341
0	1405	3260
0	1740	3182
0	2133	3086
0	2529	3005
0	2877	2924
0	3164	2837
0	3369	2747
0	3493	2666
0	3546	2600
0	3532	2546
0	3460	2492
0	3343	2432
0	3189	2381
0	3003	2324
0	2793	2270
0	2592	2213
0	2403	2159
0	2249	2114
0	2126	2060
0	2037	2015
0	1978	1973
0	1930	1931
0	1883	1886
0	1839	1847
0	1792	1805
1	1738	1763
0	1671	1727
0	1600	1697
0	1531	1667
0	1470	1628
0	1404	1601
0	1337	1580
0	1281	1574
0	1230	1568
0	1181	1556
0	1145	1559
0	1117	1568
0	1096	1565
0	1082	1535
0	1080	1505
0	1089	1457
0	1150	1427
0	1316	1403
0	1596	1376
0	1958	1349
0	2354	1337
0	2734	1337
0	2947	1307
0	3316	1292
0	3498	1271
0	3600	1256
0	3628	1247
0	3602	1247
0	3526	1250
0	3406	1247
0	3248	1244
0	3063	1238
0	2856	1238
0	2648	1241
0	2450	1244
0	2273	1244
0	2123	1238
0	2007	1238
0	1925	1238
0	1853	1241
0	1797	1244
0	1741	1241
0	1682	1235
0	1615	1232
0	1552	1235
0	1488	1235
0	1425	1235
0	1356	1235
0	1290	1241
0	1236	1244
0	1183	1244
0	1136	1241
0	1097	1250
0	1066	1265
0	1041	1283
0	1022	1301
0	1008	1319
0	999	1355
0	996	1373
0	996	1358
0	1003	1319
0	1024	1289
0	1097	1259
0	1279	1238
0	1591	1220
0	1990	1199
0	2311	1187
0	2598	1187
0	2846	1187
0	3043	1184
0	3178	1175
0	3249	1166
0	3269	1172
0	3239	1181
0	3168	1190
0	3075	1190
0	2963	1193
0	2826	1196
0	2670	1208
0	2513	1223
0	2364	1232
0	2233	1235
0	2119	1238
0	2029	1244
0	1959	1247
0	1906	1250
0	1866	1259
0	1836	1259
0	1800	1259
0	1758	1262
0	1710	1268
0	1660	1280
0	1610	1286
0	1565	1301
0	1528	1316
0	1493	1337
0	1453	1361
0	1414	1391
0	1384	1415
0	1360	1442
1	1338	1475
0	1318	1532
0	1299	1592
0	1284	1652
0	1275	1724
0	1278	1793
0	1288	1868
0	1294	1907
0	1300	1940
0	1316	1970
0	1363	2024
0	1483	2093
0	1699	2168
0	1984	2235
0	2298	2314
0	2604	2404
0	2865	2486
0	3070	2558
0	3213	2621
0	3298	2685
0	3320	2771
0	3293	2858
0	3226	2951
0	3128	3030
0	3005	3116
0	2861	3206
0	2703	3296
0	2539	3394
0	2391	3476
0	2259	3551
0	2149	3634
0	2065	3705
0	2000	3791
0	1950	3863
0	1908	3926
0	1868	3983
0	1820	4035
0	1774	4095
0	1725	4095
0	1675	4095
0	1625	4095
0	1569	4095
0	1518	4095
0	1470	4095
0	1431	4095
0	1396	4095
0	1369	4095
0	1346	4095
0	1329	4095
0	1314	4095
0	1304	4095
0	1300	4095
0	1305	4095
0	1314	4095
0	1325	3971
0	1338	3870
0	1355	3761
0	1409	3645
0	1541	3510
0	1771	3386
0	2068	3259
0	2378	3176
0	2664	3045
0	2903	2940
0	3081	2816
0	3196	2704
0	3246	2606
0	3246	2531
0	3203	2471
0	3119	2393
0	3003	2318
0	2860	2254
0	2701	2183
0	2534	2104
0	2379	2033
0	2244	1958
0	2136	1905
0	2055	1830
0	2008	1774
0	1972	1725
0	1942	1673
0	1916	1616
0	1886	1568
0	1857	1519
0	1820	1481
0	1780	1440
0	1743	1403
0	1706	1369
0	1670	1335
0	1638	1294
0	1607	1275
0	1578	1268
0	1550	1268
0	1526	1264
0	1509	1275
0	1495	1294
0	1485	1301
0	1476	1286
0	1473	1226
0	1478	1174
1	1509	1125
0	1602	1091
0	1772	1061
0	1997	1031
0	2244	1009
0	2481	1001
0	2684	990
0	2841	975
0	2944	956
0	3000	938
0	3015	934
0	3002	945
0	2961	949
0	2896	953
0	2810	953
0	2701	956
0	2581	968
0	2454	975
0	2329	983
0	2217	979
0	2124	975
0	2049	975
0	1990	983
0	1945	983
0	1909	983
0	1874	986
0	1838	983
0	1800	979
0	1761	979
0	1724	979
0	1683	983
0	1641	986
0	1600	998
0	1563	994
0	1533	994
0	1505	1013
0	1483	1035
0	1463	1061
0	1444	1084
0	1430	1121
0	1417	1163
0	1408	1178
0	1406	1155
0	1408	1118
0	1421	1069
0	1460	1039
0	1558	1009
0	1737	986
0	1975	964
0	2233	953
0	2477	953
0	2686	953
0	2850	945
0	2964	938
0	3028	930
0	3046	941
0	3022	956
0	2967	968
0	2890	968
0	2789	979
0	2671	986
0	2541	1001
0	2412	1020
0	2292	1035
0	2185	1043
0	2094	1050
0	2022	1061
0	1966	1073
0	1920	1084
0	1882	1095
0	1846	1095
0	1809	1099
0	1777	1106
0	1743	1110
0	1708	1121
0	1673	1125
0	1637	1125
0	1604	1140
0	1572	1159
0	1541	1166
0	1516	1166
0	1496	1181
0	1478	1196
0	1458	1238
0	1441	1264
0	1432	1305
0	1426	1365
0	1422	1410
0	1422	1425
0	1425	1425
0	1429	1425
0	1445	1433
0	1509	1455
0	1651	1485
0	1866	1526
0	2121	1579
0	2379	1643
0	2614	1691
0	2810	1800
0	2955	1868
1	3043	1939
0	3078	2010
0	3071	2119
0	3033	2209
0	2968	2303
0	2876	2359
0	2761	2460
0	2634	2576
0	2496	2663
0	2363	2768
0	2243	2846
0	2143	2951
0	2063	3030
0	2002	3135
0	1956	3221
0	1916	3326
0	1879	3401
0	1848	3473
0	1815	3570
0	1779	3653
0	1745	3735
0	1713	3818
0	1677	3900
0	1637	3979
0	1598	4043
0	1559	4095
0	1527	4095
0	1502	4095
0	1481	4095
0	1464	4095
0	1450	4095
0	1442	4095
0	1437	4095
0	1433	4095
0	1430	4095
0	1431	4095
0	1456	4095
0	1541	4095
0	1706	4095
0	1934	4095
0	2187	4095
0	2431	4050
0	2643	3960
0	2807	3806
0	2921	4095
0	2980	3563
0	2995	3461
0	2971	3356
0	2914	3248
0	2833	3139
0	2725	3034
0	2603	2933
0	2474	2824
0	2350	2723
0	2237	2618
0	2143	2528
0	2067	2445
0	2013	2363
0	1977	2284
0	1945	2201
0	1917	2123
0	1893	2059
0	1868	1976
0	1838	1913
0	1805	1849
0	1769	1796
0	1729	1721
0	1692	1673
0	1655	1639
0	1619	1616
0	1586	1598
0	1559	1575
0	1537	1564
0	1519	1575
0	1502	1568
0	1488	1526
0	1476	1474
0	1474	1406
0	1503	1361
0	1593	1313
0	1758	1275
0	1979	1230
0	2225	1200
0	2462	1181
0	2669	1166
0	2830	1140
0	2938	1106
0	2998	1080
0	3019	1069
0	3002	1080
0	2949	1084
0	2870	1080
0	2769	1080
0	2650	1073
0	2521	1069
0	2393	1076
0	2272	1080
0	2166	1076
0	2077	1069
0	2005	1076
1	1955	1076
0	1917	1076
0	1882	1080
0	1851	1073
0	1824	1069
0	1792	1061
0	1755	1065
0	1716	1065
0	1678	1058
0	1645	1058
0	1613	1065
0	1579	1084
0	1547	1110
0	1519	1133
0	1497	1166
0	1481	1211
0	1468	1238
0	1455	1226
0	1442	1193
0	1436	1148
0	1454	1106
0	1530	1091
0	1684	1058
0	1897	1035
0	2134	1024
0	2368	1020
0	2578	1020
0	2750	1013
0	2872	1005
0	2947	994
0	2974	998
0	2959	1013
0	2912	1024
0	2842	1028
0	2752	1031
0	2645	1035
0	2525	1046
0	2399	1065
0	2273	1076
0	2159	1088
0	2068	1091
0	2003	1106
0	1950	1118
0	1908	1125
0	1876	1133
0	1845	1136
0	1813	1140
0	1784	1140
0	1749	1140
0	1713	1148
0	1675	1148
0	1636	1151
0	1599	1155
0	1562	1170
0	1528	1170
0	1498	1178
0	1473	1193
0	1449	1211
0	1429	1241
0	1415	1264
0	1405	1286
0	1404	1343
0	1406	1376
0	1411	1369
0	1419	1339
0	1426	1290
0	1451	1256
0	1522	1208
0	1669	1181
0	1885	1159
0	2139	1140
0	2397	1133
0	2627	1136
0	2813	1133
0	2948	1125
0	3031	1121
0	3066	1133
0	3062	1159
0	3023	1178
0	2953	1196
0	2863	1215
0	2757	1245
0	2638	1283
0	2508	1328
0	2382	1376
0	2266	1429
0	2168	1470
0	2086	1553
0	2021	1616
0	1968	1676
0	1925	1759
0	1890	1826
0	1859	1901
0	1825	1954
0	1789	2036
0	1749	2145
0	1705	2243
0	1665	2336
0	1627	2434
0	1587	2531
1	1551	2621
0	1520	2704
0	1495	2801
0	1473	2903
0	1452	3000
0	1435	3113
0	1425	3203
0	1420	3304
0	1417	3386
0	1412	3461
0	1410	3536
0	1416	3623
0	1438	3709
0	1508	3776
0	1654	3848
0	1870	3926
0	2115	4001
0	2359	4073
0	2579	4095
0	2763	4095
0	2895	4095
0	2977	4095
0	3008	4095
0	2995	4095
0	2948	4095
0	2879	4095
0	2785	4095
0	2673	4095
0	2549	4095
0	2421	4095
0	2299	4095
0	2196	4095
0	2117	4095
0	2058	4095
0	2011	4095
0	1972	4095
0	1939	4095
0	1915	4095
0	1891	4095
0	1859	4095
0	1817	4095
0	1777	4095
0	1739	4020
0	1698	3889
0	1660	3806
0	1626	3731
0	1596	3634
0	1571	3533
0	1553	3458
0	1538	3364
0	1525	3248
0	1515	3146
0	1508	3071
0	1513	2955
0	1565	2869
0	1683	2775
0	1863	2681
0	2081	2603
0	2306	2535
0	2509	2464
0	2672	2415
0	2786	2310
0	2850	2231
0	2875	2164
0	2865	2119
0	2823	2070
0	2753	2046
0	2662	2042
0	2553	2039
0	2432	2035
0	2306	2031
0	2190	2028
0	2099	2024
0	2024	2021
0	1966	2018
0	1926	2015
0	1892	2013
0	1860	2011
0	1827	2008
0	1798	2005
0	1766	2003
0	1732	2001
0	1697	1999
0	1663	1997
0	1629	1996
0	1595	1995
0	1564	1995
0	1536	1994
0	1516	1994
0	1500	1996
0	1487	1997
0	1476	1996
0	1467	1993
0	1464	1990
0	1482	1987
0	1550	1984
0	1697	1983
0	1905	1981
0	2142	1980
0	2373	1979
1	2581	1978
0	2747	1978
0	2865	1977
0	2934	1975
0	2961	1975
0	2951	1976
0	2911	1977
0	2845	1977
0	2757	1976
0	2652	1976
0	2535	1977
0	2412	1978
0	2289	1978
0	2180	1979
0	2089	1979
0	2015	1979
0	1959	1979
0	1917	1980
0	1878	1980
0	1840	1980
0	1802	1980
0	1767	1980
0	1733	1980
0	1698	1980
0	1663	1980
0	1626	1981
0	1592	1981
0	1560	1981
0	1529	1981
0	1500	1982
0	1473	1984
0	1449	1985
0	1430	1987
0	1418	1990
0	1412	1993
0	1412	1993
0	1412	1991
0	1414	1987
0	1430	1985
0	1495	1982
0	1633	1981
0	1834	1979
0	2076	1978
0	2324	1978
0	2550	1978
0	2737	1978
0	2876	1977
0	2965	1976
0	3007	1977
0	3008	1977
0	2975	1979
0	2911	1979
0	2823	1979
0	2717	1980
0	2594	1981
0	2466	1983
0	2341	1985
0	2226	1987
0	2128	1988
0	2049	1990
0	1988	1992
0	1945	1995
0	1908	1997
0	1870	2000
0	1833	2003
0	1795	2006
0	1756	2010
0	1717	2014
0	1682	2018
0	1645	2023
0	1603	2028
0	1567	2034
0	1539	2039
0	1512	2045
0	1486	2051
0	1463	2057
0	1442	2065
0	1424	2072
0	1412	2079
0	1407	2086
0	1408	2093
0	1411	2099
0	1408	2104
0	1409	2109
0	1426	2115
0	1483	2121
0	1610	2126
0	1812	2131
0	2059	2135
0	2319	2140
0	2555	2145
0	2751	2149
0	2898	2153
0	2992	2156
0	3036	2160
0	3035	2165
0	2998	2170
0	2934	2174
0	2844	2178
0	2732	2182
1	2604	2186
0	2473	2191
0	2350	2195
0	2239	2198
0	2142	2202
0	2065	2204
0	2005	2206
0	1957	2207
0	1918	2207
0	1886	2206
0	1853	2204
0	1818	2203
0	1782	2201
0	1748	2198
0	1714	2195
0	1678	2190
0	1643	2186
0	1612	2182
0	1584	2180
0	1556	2176
0	1530	2169
0	1512	2163
0	1501	2158
0	1490	2152
0	1480	2144
0	1472	2137
0	1472	2131
0	1493	2125
0	1567	2119
0	1713	2112
0	1919	2105
0	2151	2100
0	2381	2095
0	2581	2090
0	2736	2085
0	2843	2079
0	2902	2074
0	2917	2070
0	2895	2066
0	2841	2063
0	2761	2058
0	2658	2054
0	2541	2051
0	2419	2047
0	2301	2043
0	2193	2039
0	2102	2035
0	2028	2032
0	1972	2029
0	1931	2027
0	1900	2024
0	1868	2021
0	1838	2018
0	1807	2015
0	1776	2013
0	1744	2010
0	1706	2007
0	1667	2005
0	1631	2003
0	1597	2001
0	1568	2001
0	1538	2000
0	1511	2001
0	1489	2003
0	1476	2003
0	1467	2001
0	1459	1998
0	1458	1995
0	1478	1992
0	1556	1990
0	1710	1988
0	1925	1986
0	2163	1985
0	2400	1984
0	2612	1983
0	2780	1982
0	2899	1981
0	2964	1980
0	2986	1979
0	2973	1979
0	2927	1979
0	2857	1980
0	2761	1979
0	2648	1979
0	2522	1979
0	2393	1979
0	2269	1980
0	2159	1980
0	2066	1980
0	1994	1980
0	1939	1980
0	1895	1980
0	1859	1980
0	1826	1979
0	1793	1979
0	1757	1979
0	1723	1979
0	1687	1979
0	1651	1979
0	1613	1979
1	1578	1980
0	1547	1981
0	1514	1983
0	1489	1986
0	1470	1989
0	1453	1991
0	1441	1990
0	1433	1988
0	1435	1985
0	1466	1982
0	1552	1981
0	1708	1979
0	1922	1978
0	2163	1977
0	2400	1977
0	2603	1977
0	2758	1977
0	2863	1976
0	2919	1976
0	2929	1976
0	2905	1977
0	2857	1978
0	2785	1978
0	2691	1978
0	2577	1979
0	2453	1979
0	2331	1980
0	2216	1981
0	2111	1982
0	2022	1982
0	1953	1983
0	1902	1983
0	1861	1984
0	1826	1984
0	1794	1985
0	1761	1985
0	1723	1986
0	1685	1987
0	1647	1989
0	1613	1990
0	1582	1992
0	1552	1995
0	1523	2000
0	1498	2004
0	1478	2009
0	1463	2015
0	1450	2021
0	1443	2026
0	1436	2029
0	1431	2031
0	1434	2033
0	1465	2036
0	1555	2040
0	1721	2044
0	1942	2049
0	2185	2055
0	2420	2061
0	2621	2067
0	2780	2072
0	2884	2077
0	2938	2082
0	2948	2089
0	2924	2095
0	2870	2101
0	2795	2107
0	2695	2113
0	2581	2120
0	2456	2127
0	2331	2134
0	2215	2140
0	2114	2146
0	2035	2152
0	1974	2158
0	1924	2164
0	1881	2170
0	1842	2175
0	1809	2180
0	1774	2186
0	1736	2192
0	1699	2196
0	1664	2201
0	1630	2206
0	1594	2211
0	1558	2217
0	1532	2223
0	1510	2225
0	1489	2228
0	1470	2230
0	1462	2233
0	1457	2234
0	1454	2236
0	1451	2236
0	1472	2236
0	1551	2234
0	1698	2231
0	1895	2227
0	2110	2223
0	2315	2219
0	2489	2214
0	2622	2207
1	2711	2200
0	2757	2194
0	2762	2188
0	2733	2182
0	2678	2175
0	2602	2168
0	2505	2161
0	2399	2154
0	2289	2146
0	2187	2139
0	2104	2132
0	2037	2126
0	1987	2120
0	1952	2114
0	1924	2108
0	1900	2103
0	1873	2098
0	1843	2092
0	1811	2086
0	1777	2080
0	1745	2075
0	1713	2071
0	1681	2067
0	1652	2064
0	1626	2061
0	1602	2058
0	1582	2056
0	1566	2051
0	1549	2046
0	1537	2041
0	1551	2037
0	1611	2033
0	1725	2029
0	1885	2025
0	2063	2022
0	2237	2019
0	2390	2015
0	2513	2012
0	2604	2008
0	2654	2005
0	2671	2002
0	2662	2001
0	2632	2000
0	2581	1998
0	2513	1997
0	2430	1994
0	2333	1993
0	2237	1991
0	2152	1990
0	2078	1988
0	2016	1987
0	1964	1985
0	1922	1984
0	1885	1983
0	1853	1981
0	1821	1980
0	1787	1979
0	1755	1978
0	1727	1976
0	1697	1975
0	1667	1975
0	1642	1975
0	1618	1975
0	1597	1976
0	1582	1978
0	1568	1981
0	1552	1982
0	1539	1981
0	1531	1979
0	1534	1976
0	1565	1974
0	1644	1972
0	1774	1971
0	1939	1969
0	2107	1969
0	2256	1969
0	2379	1968
0	2466	1968
0	2521	1967
0	2556	1966
0	2569	1967
0	2560	1967
0	2531	1968
0	2486	1968
0	2429	1967
0	2357	1967
0	2276	1968
0	2196	1969
0	2127	1970
0	2071	1970
0	2022	1970
0	1986	1970
0	1954	1971
0	1924	1971
0	1897	1971
0	1872	1971
0	1845	1971
0	1818	1971
0	1788	1971
0	1757	1971
1	1724	1971
0	1698	1972
0	1673	1972
0	1654	1972
0	1636	1972
0	1618	1974
0	1603	1976
0	1591	1977
0	1579	1978
0	1571	1982
0	1567	1985
0	1564	1986
0	1562	1984
0	1561	1981
0	1570	1978
0	1616	1977
0	1721	1976
0	1872	1974
0	2041	1973
0	2202	1973
0	2337	1973
0	2438	1973
0	2508	1973
0	2548	1973
0	2567	1974
0	2560	1976
0	2536	1978
0	2500	1980
0	2454	1982
0	2396	1984
0	2328	1988
0	2258	1992
0	2189	1996
0	2128	2000
0	2077	2004
0	2040	2009
0	2008	2014
0	1986	2019
0	1964	2024
0	1943	2029
0	1922	2034
0	1900	2039
0	1873	2044
0	1846	2074
0	1819	2164
0	1794	2246
0	1770	2333
0	1744	2423
0	1721	2516
0	1698	2603
0	1680	2681
0	1663	2768
0	1652	2861
0	1643	2974
0	1634	3083
0	1627	3180
0	1625	3278
0	1621	3375
0	1619	3458
0	1617	3529
0	1617	3611
0	1630	3701
0	1678	3776
0	1779	3840
0	1925	3896
0	2090	3956
0	2248	4024
0	2382	4091
0	2482	4095
0	2548	4095
0	2578	4095
0	2579	4095
0	2560	4095
0	2528	4095
0	2482	4095
0	2426	4095
0	2362	4095
0	2293	4095
0	2223	4095
0	2156	4095
0	2099	4095
0	2060	4095
0	2036	4095
0	2019	4095
0	2006	4095
0	1997	4095
0	1985	4076
0	1968	3979
0	1950	3870
0	1934	3765
0	1918	3668
0	1897	3566
0	1874	3473
0	1853	3364
0	1829	3255
0	1806	3143
0	1792	3056
0	1779	2985
0	1764	2918
0	1751	2839
1	1739	2764
0	1732	2704
0	1728	2629
0	1725	2528
0	1723	2430
0	1724	2340
0	1746	2250
0	1809	2171
0	1922	2085
0	2065	1991
0	2224	1916
0	2365	1849
0	2470	1789
0	2545	1710
0	2585	1635
0	2601	1571
0	2593	1530
0	2566	1496
0	2524	1455
0	2472	1421
0	2410	1388
0	2344	1350
0	2279	1316
0	2219	1283
0	2168	1241
0	2123	1208
0	2087	1181
0	2057	1151
0	2036	1129
0	2019	1106
0	1996	1080
0	1973	1058
0	1948	1039
0	1923	1020
0	1894	1001
0	1863	990
0	1830	971
0	1804	964
0	1779	964
0	1754	960
0	1728	945
0	1699	941
0	1669	945
0	1649	960
0	1639	971
0	1630	986
0	1616	1020
0	1603	1065
0	1596	1084
0	1594	1069
0	1594	1035
0	1610	1001
0	1666	960
0	1790	941
0	1979	919
0	2196	904
0	2405	893
0	2581	889
0	2714	885
0	2801	878
0	2851	870
0	2868	866
0	2856	878
0	2826	893
0	2779	900
0	2714	908
0	2639	911
0	2550	923
0	2460	938
0	2371	956
0	2289	971
0	2219	975
0	2165	979
0	2119	990
0	2086	1001
0	2063	1005
0	2039	1009
0	2014	1016
0	1978	1016
0	1943	1020
0	1905	1024
0	1869	1035
0	1834	1043
0	1799	1046
0	1764	1050
0	1731	1058
0	1703	1069
0	1678	1084
0	1653	1084
0	1629	1088
0	1606	1103
0	1585	1125
0	1573	1148
0	1568	1178
0	1564	1219
0	1559	1260
0	1554	1275
0	1554	1264
0	1559	1230
0	1571	1185
1	1620	1148
0	1743	1118
0	1936	1103
0	2168	1095
0	2400	1091
0	2601	1106
0	2759	1121
0	2868	1136
0	2935	1155
0	2961	1185
0	2954	1234
0	2923	1290
0	2870	1343
0	2800	1391
0	2711	1455
0	2614	1530
0	2514	1605
0	2414	1688
0	2323	1766
0	2248	1845
0	2188	1928
0	2139	2014
0	2100	2108
0	2066	2201
0	2034	2288
0	2004	2370
0	1973	2460
0	1935	2546
0	1895	2629
0	1851	2711
0	1805	2794
0	1764	2880
0	1723	2974
0	1684	3071
0	1650	3161
0	1619	3251
0	1591	3334
0	1564	3431
0	1541	3540
0	1524	3641
0	1514	3709
0	1505	3773
0	1504	3844
0	1501	3908
0	1496	3979
0	1493	4061
0	1494	4095
0	1533	4095
0	1648	4095
0	1843	4095
0	2100	4095
0	2443	4095
0	2760	4095
0	3015	4095
0	3197	4095
0	3309	4095
0	3360	4095
0	3357	4095
0	3308	4095
0	3222	4095
0	3106	4095
0	2959	4095
0	2804	4095
0	2643	4080
0	2485	3979
0	2349	3874
0	2231	3773
0	2144	3668
0	2084	3563
0	2039	3458
0	2016	3345
0	1985	3229
0	1944	3113
0	1899	2996
0	1853	2891
0	1806	2786
0	1745	2678
0	1685	2573
0	1631	2479
0	1580	2408
0	1531	2359
0	1486	2310
0	1440	2250
0	1407	2198
0	1376	2164
0	1356	2119
0	1342	2119
0	1334	1965
0	1330	1879
0	1374	1800
0	1517	1729
0	1766	1658
0	2076	1590
0	2401	1530
0	2700	1485
0	2947	1444
0	3138	1391
0	3266	1335
0	3330	1286
0	3343	1256
1	3308	1241
0	3234	1230
0	3134	1211
0	3005	1196
0	2849	1174
0	2686	1155
0	2531	1136
0	2387	1110
0	2261	1091
0	2161	1080
0	2084	1073
0	2025	1065
0	1979	1054
0	1932	1043
0	1867	1028
0	1804	1016
0	1734	1009
0	1664	1005
0	1603	994
0	1542	983
0	1477	983
0	1412	998
0	1346	1013
0	1293	1028
0	1258	1054
0	1237	1099
0	1216	1140
0	1190	1151
0	1166	1129
0	1145	1088
0	1157	1043
0	1251	1013
0	1460	990
0	1764	971
0	2119	956
0	2471	949
0	2776	949
0	3015	941
0	3199	926
0	3323	919
0	3388	919
0	3402	926
0	3365	938
0	3287	945
0	3162	953
0	3007	953
0	2833	960
0	2650	971
0	2462	990
0	2291	1001
0	2146	1005
0	2027	1009
0	1932	1016
0	1864	1031
0	1813	1035
0	1768	1039
0	1717	1035
0	1663	1035
0	1605	1031
0	1547	1043
0	1486	1046
0	1433	1046
0	1379	1046
0	1325	1061
0	1274	1084
0	1223	1114
0	1178	1136
0	1148	1178
0	1124	1226
0	1104	1253
0	1087	1241
0	1075	1204
0	1076	1155
0	1129	1110
0	1278	1088
0	1538	1061
0	1876	1039
0	2245	1028
0	2602	1028
0	2905	1020
0	3145	1013
0	3316	1001
0	3414	994
0	3441	998
0	3418	1013
0	3357	1024
0	3253	1028
0	3105	1028
0	2928	1031
0	2735	1050
0	2534	1065
0	2347	1076
0	2179	1084
0	2046	1088
0	1941	1099
0	1862	1110
0	1804	1118
0	1754	1121
0	1710	1129
0	1664	1133
1	1615	1136
0	1561	1140
0	1505	1151
0	1446	1155
0	1390	1166
0	1335	1189
0	1286	1211
0	1241	1223
0	1201	1238
0	1164	1271
0	1134	1320
0	1108	1369
0	1083	1425
0	1075	1496
0	1069	1568
0	1069	1620
0	1071	1654
0	1073	1676
0	1090	1699
0	1181	1744
0	1395	1796
0	1719	1849
0	2102	1901
0	2492	1976
0	2844	2051
0	3140	2130
0	3357	2198
0	3500	2258
0	3567	2336
0	3570	2415
0	3521	2501
0	3432	2576
0	3301	2663
0	3134	2753
0	2942	2843
0	2735	2940
0	2536	3030
0	2349	3120
0	2200	3210
0	2088	3304
0	1999	3394
0	1923	3476
0	1866	3544
0	1804	3608
0	1745	3668
0	1691	3735
0	1631	3803
0	1570	3874
0	1507	3949
0	1451	4020
0	1388	4080
0	1325	4095
0	1274	4095
0	1230	4095
0	1187	4095
0	1145	4095
0	1111	4095
0	1087	4095
0	1076	4095
0	1068	4095
0	1054	4095
0	1050	4095
0	1099	4095
0	1232	4095
0	1479	4095
0	1822	4095
0	2202	4095
0	2571	4095
0	2891	4095
0	3147	4091
0	3323	4005
0	3421	3923
0	3453	3851
0	3414	3776
0	3322	3694
0	3192	3596
0	3035	3506
0	2847	3409
0	2655	3308
0	2468	3206
0	2301	3101
0	2172	3011
0	2076	2921
0	1995	2835
0	1934	2745
0	1880	2666
0	1836	2591
0	1796	2520
0	1745	2453
0	1691	2378
0	1631	2299
0	1563	2213
0	1496	2138
0	1433	2081
0	1372	2081
0	1323	2006
0	1288	1965
0	1258	1943
0	1234	1928
0	1209	1890
1	1185	1834
0	1166	1766
0	1171	1699
0	1244	1646
0	1423	1590
0	1708	1538
0	2056	1481
0	2426	1440
0	2770	1410
0	3059	1380
0	3274	1339
0	3418	1290
0	3486	1253
0	3490	1230
0	3439	1226
0	3343	1215
0	3211	1193
0	3049	1178
0	2856	1159
0	2653	1148
0	2452	1133
0	2273	1118
0	2130	1106
0	2021	1095
0	1934	1084
0	1862	1076
0	1804	1069
0	1754	1058
0	1701	1050
0	1643	1035
0	1580	1024
0	1517	1016
0	1458	1020
0	1402	1009
0	1339	1001
0	1281	998
0	1232	1005
0	1190	1028
0	1148	1039
0	1117	1058
0	1089	1106
0	1075	1151
0	1068	1163
0	1061	1144
0	1055	1106
0	1075	1069
0	1169	1039
0	1383	1016
0	1706	998
0	2093	979
0	2492	975
0	2851	975
0	3152	968
0	3374	956
0	3519	941
0	3582	941
0	3588	953
0	3535	968
0	3435	971
0	3302	975
0	3136	975
0	2945	983
0	2742	998
0	2543	1013
0	2359	1020
0	2195	1031
0	2055	1035
0	1948	1043
0	1866	1050
0	1796	1054
0	1740	1058
0	1685	1061
0	1628	1061
0	1572	1061
0	1503	1073
0	1433	1076
0	1370	1080
0	1307	1080
0	1251	1084
0	1195	1099
0	1145	1103
0	1097	1110
0	1057	1114
0	1029	1129
0	1006	1151
0	992	1178
0	982	1196
0	975	1238
0	982	1286
0	999	1301
0	1006	1283
0	1022	1238
0	1055	1193
0	1152	1151
0	1367	1125
0	1699	1099
0	2086	1080
0	2388	1073
0	2669	1073
0	2910	1069
1	3096	1058
0	3215	1046
0	3279	1046
0	3291	1058
0	3255	1069
0	3179	1076
0	3076	1080
0	2951	1084
0	2806	1091
0	2650	1106
0	2498	1121
0	2359	1136
0	2239	1144
0	2141	1151
0	2061	1166
0	1994	1170
0	1940	1181
0	1895	1185
0	1849	1193
0	1796	1200
0	1746	1204
0	1704	1208
0	1663	1211
0	1621	1219
0	1573	1230
0	1528	1238
0	1489	1241
0	1450	1253
0	1415	1264
0	1381	1275
0	1356	1290
0	1338	1298
0	1319	1313
0	1300	1339
0	1281	1380
0	1279	1418
0	1285	1459
0	1295	1526
0	1308	1586
0	1319	1620
0	1326	1639
0	1335	1646
0	1364	1661
0	1449	1699
0	1626	1740
0	1891	1785
0	2204	1849
0	2519	1920
0	2808	1991
0	3041	2055
0	3211	2115
0	3315	2183
0	3358	2261
0	3353	2351
0	3300	2438
0	3210	2524
0	3090	2599
0	2950	2681
0	2794	2771
0	2634	2865
0	2474	2955
0	2331	3045
0	2214	3135
0	2124	3229
0	2051	3323
0	1990	3413
0	1943	3499
0	1900	3574
0	1854	3649
0	1804	3720
0	1758	3795
0	1706	3874
0	1654	3945
0	1603	4020
0	1553	4088
0	1509	4095
0	1465	4095
0	1423	4095
0	1388	4095
0	1359	4095
0	1335	4095
0	1318	4095
0	1303	4095
0	1295	4095
0	1290	4095
0	1288	4095
0	1289	4095
0	1299	4095
0	1310	4095
0	1320	4095
0	1335	4095
0	1388	4095
0	1520	4095
0	1751	4095
0	2050	4095
0	2369	4095
0	2669	4095
0	2924	4095
0	3115	4095
0	3240	4095
1	3298	4095
0	3300	4095
0	3251	4095
0	3160	4095
0	3034	4095
0	2889	4095
0	2724	3986
0	2556	3870
0	2404	3754
0	2275	3649
0	2173	3555
0	2094	3465
0	2037	3368
0	2002	3278
0	1975	3188
0	1951	3094
0	1928	2996
0	1901	2899
0	1865	2801
0	1823	2711
0	1780	2618
0	1740	2531
0	1703	2445
0	1666	2355
0	1632	2269
0	1603	2201
0	1578	2156
0	1553	2111
0	1532	2059
0	1516	2014
0	1506	1988
0	1497	1946
0	1492	1875
0	1492	1796
0	1497	1706
0	1526	1628
0	1615	1564
0	1783	1500
0	2013	1440
0	2264	1388
0	2504	1343
0	2716	1313
0	2887	1271
0	3003	1219
0	3069	1174
0	3090	1148
0	3073	1133
0	3022	1121
0	2943	1110
0	2840	1095
0	2720	1076
0	2592	1061
0	2460	1054
0	2333	1043
0	2217	1028
0	2121	1016
0	2045	1005
0	1988	998
0	1945	990
0	1909	983
0	1877	975
0	1842	968
0	1806	960
0	1769	953
0	1727	949
0	1682	945
0	1636	941
0	1595	945
0	1560	953
0	1525	953
0	1493	945
0	1466	956
0	1444	971
0	1429	998
0	1416	1009
0	1408	1043
0	1405	1091
0	1400	1121
0	1403	1114
0	1415	1080
0	1431	1035
0	1470	998
0	1572	968
0	1756	949
0	2002	926
0	2270	919
0	2525	915
0	2747	915
0	2923	908
0	3046	900
0	3119	893
0	3141	900
0	3120	915
0	3068	926
0	2990	938
0	2890	941
0	2769	945
0	2637	960
0	2501	975
0	2370	990
1	2249	1001
0	2143	1013
0	2060	1016
0	1995	1028
0	1944	1035
0	1904	1043
0	1869	1046
0	1835	1054
0	1800	1058
0	1764	1061
0	1725	1065
0	1685	1073
0	1645	1080
0	1606	1095
0	1572	1095
0	1538	1099
0	1505	1114
0	1477	1136
0	1453	1163
0	1434	1189
0	1420	1223
0	1409	1268
0	1402	1298
0	1401	1290
0	1401	1256
0	1404	1215
0	1422	1170
0	1494	1140
0	1642	1121
0	1861	1103
0	2120	1091
0	2382	1103
0	2616	1118
0	2806	1133
0	2947	1140
0	3035	1159
0	3073	1196
0	3062	1245
0	3019	1301
0	2947	1354
0	2854	1406
0	2740	1466
0	2612	1534
0	2478	1613
0	2345	1691
0	2226	1770
0	2127	1849
0	2046	1943
0	1986	2036
0	1937	2141
0	1897	2239
0	1861	2329
0	1826	2419
0	1794	2509
0	1759	2591
0	1720	2674
0	1684	2756
0	1647	2839
0	1605	2925
0	1568	3011
0	1534	3094
0	1504	3176
0	1475	3255
0	1451	3353
0	1432	3458
0	1418	3555
0	1407	3630
0	1399	3705
0	1392	3780
0	1392	3836
0	1398	3893
0	1407	3956
0	1421	4024
0	1469	4095
0	1586	4095
0	1789	4095
0	2047	4095
0	2322	4095
0	2581	4095
0	2797	4095
0	2958	4095
0	3064	4095
0	3114	4095
0	3114	4095
0	3070	4095
0	2992	4095
0	2885	4095
0	2757	4095
0	2621	4095
0	2483	4095
0	2348	4095
0	2228	4095
0	2131	4095
0	2057	4095
0	2002	4095
0	1958	4095
0	1924	4095
0	1897	4095
0	1867	4095
0	1840	4095
1	1808	4043
0	1769	3934
0	1730	3821
0	1690	3705
0	1654	3600
0	1623	3506
0	1595	3424
0	1568	3323
0	1546	3221
0	1528	3135
0	1515	3053
0	1502	2951
0	1492	2846
0	1489	2730
0	1498	2633
0	1549	2535
0	1667	2441
0	1856	2344
0	2089	2250
0	2333	2183
0	2553	2119
0	2734	2045
0	2864	1976
0	2945	1913
0	2978	1862
0	2969	1829
0	2930	1796
0	2864	1760
0	2771	1721
0	2657	1682
0	2527	1643
0	2397	1610
0	2269	1571
0	2162	1532
0	2073	1499
0	2000	1472
0	1947	1448
0	1911	1424
0	1884	1403
0	1854	1379
0	1822	1352
0	1784	1331
0	1745	1307
0	1706	1286
0	1670	1271
0	1633	1259
0	1599	1244
0	1567	1229
0	1537	1226
0	1513	1226
0	1496	1226
0	1478	1229
0	1463	1250
0	1449	1280
0	1439	1295
0	1430	1283
0	1426	1250
0	1432	1211
0	1465	1178
0	1565	1154
0	1746	1136
0	1985	1118
0	2246	1103
0	2495	1100
0	2713	1097
0	2882	1088
0	2997	1079
0	3059	1070
0	3078	1073
0	3056	1082
0	3000	1088
0	2923	1091
0	2822	1091
0	2704	1094
0	2576	1103
0	2442	1118
0	2312	1124
0	2197	1130
0	2102	1136
0	2029	1139
0	1974	1142
0	1930	1148
0	1888	1148
0	1852	1151
0	1816	1154
0	1782	1154
0	1740	1157
0	1694	1160
0	1648	1160
0	1608	1166
0	1574	1175
0	1546	1178
0	1517	1181
0	1487	1187
0	1463	1199
0	1443	1220
0	1426	1235
0	1413	1256
0	1409	1295
0	1409	1325
1	1411	1331
0	1412	1307
0	1419	1277
0	1434	1238
0	1487	1211
0	1617	1193
0	1822	1175
0	2074	1163
0	2336	1157
0	2576	1160
0	2774	1157
0	2923	1151
0	3018	1145
0	3061	1148
0	3059	1163
0	3022	1178
0	2959	1190
0	2869	1199
0	2753	1211
0	2625	1229
0	2490	1262
0	2360	1289
0	2243	1322
0	2142	1355
0	2057	1394
0	1988	1436
0	1938	1481
0	1899	1535
0	1862	1583
0	1834	1637
0	1802	1691
0	1765	1748
0	1724	1805
0	1681	1862
0	1641	1925
0	1603	1991
0	1566	2060
0	1529	2132
0	1502	2207
0	1477	2273
0	1454	2339
0	1434	2396
0	1417	2462
0	1405	2543
0	1395	2621
0	1386	2690
0	1385	2762
0	1386	2840
0	1388	2897
0	1394	2948
0	1402	3005
0	1419	3065
0	1469	3119
0	1594	3170
0	1800	3215
0	2057	3257
0	2330	3314
0	2586	3368
0	2801	3416
0	2962	3452
0	3064	3488
0	3114	3533
0	3115	3590
0	3076	3641
0	3008	3683
0	2915	3728
0	2804	3770
0	2676	3818
0	2538	3863
0	2408	3899
0	2287	3926
0	2185	3953
0	2104	3971
0	2042	3980
0	1993	3974
0	1956	3956
0	1924	3920
0	1894	3878
0	1857	3827
0	1818	3770
0	1774	3707
0	1732	3641
0	1689	3569
0	1649	3494
0	1613	3413
0	1579	3332
0	1554	3254
0	1531	3188
0	1512	3131
0	1495	3062
0	1481	2990
0	1471	2927
0	1469	2867
0	1471	2789
0	1473	2699
0	1475	2615
0	1483	2534
0	1527	2459
0	1638	2390
0	1822	2321
1	2054	2255
0	2301	2198
0	2532	2153
0	2730	2102
0	2884	2042
0	2988	1976
0	3036	1925
0	3036	1892
0	2996	1862
0	2927	1832
0	2836	1790
0	2725	1748
0	2598	1709
0	2463	1670
0	2332	1631
0	2214	1592
0	2118	1556
0	2034	1526
0	1996	1499
0	1952	1475
0	1914	1454
0	1882	1427
0	1851	1403
0	1820	1382
0	1783	1358
0	1743	1340
0	1700	1322
0	1659	1313
0	1622	1295
0	1592	1280
0	1561	1271
0	1529	1277
0	1502	1280
0	1481	1283
0	1467	1295
0	1458	1325
0	1451	1346
0	1443	1346
0	1436	1316
0	1437	1277
0	1456	1241
0	1531	1217
0	1685	1199
0	1904	1178
0	2155	1166
0	2407	1160
0	2632	1154
0	2813	1148
0	2943	1142
0	3022	1127
0	3060	1130
0	3057	1139
0	3019	1148
0	2949	1154
0	2858	1157
0	2747	1160
0	2621	1169
0	2485	1178
0	2353	1190
0	2231	1196
0	2128	1196
0	2045	1199
0	1981	1202
0	1933	1208
0	1894	1211
0	1859	1217
0	1827	1217
0	1791	1217
0	1755	1214
0	1716	1217
0	1674	1217
0	1633	1217
0	1594	1220
0	1556	1226
0	1522	1232
0	1492	1232
0	1468	1235
0	1449	1247
0	1433	1262
0	1419	1277
0	1408	1295
0	1401	1325
0	1398	1361
0	1398	1373
0	1401	1361
0	1404	1328
0	1411	1286
0	1454	1259
0	1565	1241
0	1756	1220
0	2004	1205
0	2273	1199
0	2530	1208
0	2751	1211
0	2922	1211
0	3034	1211
0	3094	1214
0	3109	1238
0	3084	1265
0	3028	1295
1	2946	1325
0	2842	1355
0	2719	1400
0	2583	1454
0	2441	1514
0	2306	1571
0	2184	1631
0	2087	1691
0	2012	1757
0	1957	1826
0	1913	1904
0	1874	1976
0	1840	2042
0	1808	2111
0	1774	2177
0	1737	2246
0	1692	2318
0	1653	2393
0	1621	2471
0	1588	2540
0	1556	2606
0	1525	2678
0	1494	2756
0	1468	2846
0	1450	2921
0	1438	2990
0	1429	3062
0	1419	3137
0	1412	3197
0	1413	3254
0	1415	3314
0	1421	3377
0	1461	3434
0	1573	3485
0	1761	3530
0	2002	3575
0	2253	3629
0	2489	3686
0	2692	3734
0	2842	3770
0	2941	3803
0	2984	3851
0	2979	3896
0	2940	3944
0	2878	3986
0	2789	4022
0	2673	4067
0	2544	4095
0	2415	4095
0	2290	4095
0	2180	4095
0	2095	4095
0	2035	4095
0	1994	4095
0	1962	4095
0	1934	4095
0	1905	4095
0	1874	4095
0	1842	4095
0	1806	4043
0	1769	3962
0	1729	3878
0	1690	3797
0	1651	3722
0	1618	3647
0	1588	3545
0	1561	3440
0	1540	3347
0	1522	3257
0	1506	3155
0	1494	3041
0	1488	2939
0	1498	2837
0	1551	2744
0	1672	2648
0	1855	2549
0	2070	2465
0	2297	2390
0	2503	2318
0	2667	2246
0	2783	2171
0	2850	2102
0	2872	2045
0	2859	2000
0	2813	1958
0	2741	1910
0	2652	1865
0	2545	1820
0	2429	1772
0	2312	1724
0	2202	1676
0	2107	1625
0	2030	1580
0	1971	1538
0	1925	1505
0	1893	1472
0	1864	1439
0	1842	1406
0	1818	1376
0	1789	1352
1	1759	1319
0	1724	1292
0	1689	1271
0	1656	1256
0	1624	1247
0	1594	1244
0	1567	1253
0	1544	1274
0	1525	1292
0	1507	1283
0	1494	1250
0	1488	1211
0	1505	1172
0	1582	1145
0	1727	1124
0	1924	1103
0	2147	1088
0	2365	1082
0	2555	1076
0	2707	1070
0	2815	1055
0	2878	1043
0	2900	1046
0	2887	1055
0	2848	1061
0	2785	1064
0	2702	1064
0	2598	1067
0	2479	1073
0	2356	1079
0	2232	1088
0	2122	1094
0	2034	1091
0	1967	1094
0	1919	1097
0	1885	1103
0	1854	1103
0	1825	1106
0	1799	1103
0	1766	1103
0	1734	1103
0	1700	1103
0	1666	1109
0	1633	1115
0	1601	1115
0	1573	1115
0	1542	1127
0	1518	1142
0	1497	1157
0	1480	1175
0	1467	1199
0	1458	1241
0	1453	1271
0	1449	1274
0	1448	1247
0	1453	1208
0	1478	1175
0	1555	1151
0	1702	1136
0	1901	1115
0	2127	1109
0	2349	1106
0	2545	1109
0	2697	1103
0	2803	1097
0	2867	1091
0	2892	1097
0	2883	1106
0	2840	1118
0	2772	1121
0	2684	1124
0	2580	1127
0	2468	1133
0	2354	1151
0	2242	1166
0	2145	1172
0	2066	1178
0	2002	1187
0	1951	1196
0	1911	1208
0	1877	1214
0	1847	1220
0	1816	1223
0	1782	1226
0	1747	1229
0	1713	1238
0	1677	1244
0	1643	1256
0	1611	1271
0	1584	1286
0	1557	1295
0	1529	1316
0	1503	1349
0	1477	1394
0	1459	1433
0	1449	1487
0	1445	1556
0	1445	1616
0	1444	1655
0	1446	1679
1	1452	1703
0	1473	1736
0	1537	1772
0	1662	1814
0	1835	1856
0	2028	1907
0	2219	1961
0	2386	2018
0	2517	2074
0	2606	2126
0	2659	2179
0	2683	2246
0	2678	2329
0	2650	2408
0	2602	2483
0	2536	2565
0	2459	2659
0	2373	2760
0	2281	2865
0	2193	2966
0	2115	3064
0	2049	3158
0	1999	3255
0	1962	3353
0	1932	3446
0	1907	3533
0	1881	3604
0	1849	3686
0	1818	3765
0	1789	3840
0	1758	3915
0	1729	3994
0	1699	4069
0	1669	4095
0	1640	4095
0	1619	4095
0	1602	4095
0	1588	4095
0	1575	4095
0	1560	4095
0	1547	4095
0	1538	4095
0	1530	4095
0	1526	4095
0	1525	4095
0	1529	4095
0	1534	4095
0	1560	4095
0	1630	4095
0	1754	4095
0	1916	4095
0	2090	4095
0	2251	4095
0	2383	4095
0	2473	4016
0	2523	3878
0	2541	3750
0	2536	3638
0	2512	3529
0	2473	3420
0	2421	3311
0	2357	3203
0	2289	3101
0	2218	2996
0	2152	2888
0	2101	2786
0	2065	2689
0	2039	2595
0	2020	2513
0	2004	2426
0	1991	2336
0	1975	2250
0	1957	2168
0	1939	2089
0	1919	2006
0	1894	1931
0	1868	1864
0	1839	1796
0	1812	1721
0	1789	1658
0	1771	1609
0	1753	1583
0	1735	1545
0	1718	1519
0	1709	1511
0	1699	1511
0	1688	1500
0	1680	1463
0	1679	1406
0	1683	1343
0	1718	1283
0	1806	1241
0	1941	1193
0	2100	1155
0	2257	1125
0	2388	1106
0	2485	1088
0	2550	1054
0	2586	1024
0	2594	1005
1	2581	1001
0	2549	1005
0	2504	1009
0	2453	1005
0	2397	994
0	2333	990
0	2263	986
0	2193	990
0	2135	990
0	2093	986
0	2059	986
0	2031	986
0	2013	983
0	1997	983
0	1980	983
0	1963	975
0	1942	971
0	1919	968
0	1896	960
0	1870	956
0	1845	964
0	1823	964
0	1801	964
0	1778	964
0	1761	968
0	1749	986
0	1735	1005
0	1725	1028
0	1718	1058
0	1712	1103
0	1706	1140
0	1700	1144
0	1692	1121
0	1697	1084
0	1719	1035
0	1779	1013
0	1890	998
0	2039	975
0	2201	960
0	2346	956
0	2457	953
0	2533	953
0	2583	941
0	2604	926
0	2595	926
0	2564	938
0	2524	953
0	2479	960
0	2427	960
0	2367	960
0	2299	968
0	2228	986
0	2169	1001
0	2121	1013
0	2081	1020
0	2054	1028
0	2033	1035
0	2018	1050
0	2003	1058
0	1985	1061
0	1969	1061
0	1952	1065
0	1932	1069
0	1910	1073
0	1890	1076
0	1871	1080
0	1849	1080
0	1827	1088
0	1806	1103
0	1789	1110
0	1774	1110
0	1762	1114
0	1751	1133
0	1741	1159
0	1731	1178
0	1722	1196
0	1714	1245
0	1708	1286
0	1702	1298
0	1698	1279
0	1697	1238
0	1706	1193
0	1750	1163
0	1851	1144
0	1999	1129
0	2170	1114
0	2334	1118
0	2472	1133
0	2573	1151
0	2636	1170
0	2665	1185
0	2664	1219
0	2645	1268
0	2610	1328
0	2564	1388
0	2508	1451
0	2443	1515
0	2374	1583
0	2302	1654
0	2229	1733
1	2167	1800
0	2119	1871
0	2085	1950
0	2062	2036
0	2042	2123
0	2027	2201
0	2014	2284
0	1996	2363
0	1977	2441
0	1954	2528
0	1931	2610
0	1908	2693
0	1882	2775
0	1859	2854
0	1837	2940
0	1818	3030
0	1800	3113
0	1782	3188
0	1767	3263
0	1756	3353
0	1742	3461
0	1729	3551
0	1719	3623
0	1713	3701
0	1709	3773
0	1706	3833
0	1707	3881
0	1707	3945
0	1718	4005
0	1756	4061
0	1843	4095
0	1987	4095
0	2157	4095
0	2325	4095
0	2466	4095
0	2569	4095
0	2638	4095
0	2669	4095
0	2668	4095
0	2644	4095
0	2604	4095
0	2549	4095
0	2482	4095
0	2409	4095
0	2337	4095
0	2266	4095
0	2201	4095
0	2149	4095
0	2114	4095
0	2094	4095
0	2085	4039
0	2083	3938
0	2080	3836
0	2069	3735
0	2054	3626
0	2029	3521
0	1996	3413
0	1964	3308
0	1933	3203
0	1899	3105
0	1866	3008
0	1833	2895
0	1804	2798
0	1780	2719
0	1759	2666
0	1733	2610
0	1709	2543
0	1690	2483
0	1674	2438
0	1659	2378
0	1648	2291
0	1640	2198
0	1645	2108
0	1679	2021
0	1773	1943
0	1929	1864
0	2129	1793
0	2338	1736
0	2523	1688
0	2671	1643
0	2780	1586
0	2844	1526
0	2868	1470
0	2861	1429
0	2831	1403
0	2784	1380
0	2724	1350
0	2643	1320
0	2549	1290
0	2453	1260
0	2361	1234
0	2278	1211
0	2209	1181
0	2155	1159
0	2116	1140
0	2085	1118
0	2063	1103
0	2036	1088
0	2011	1073
0	1983	1054
1	1948	1043
0	1908	1031
0	1865	1020
0	1820	1009
0	1776	998
0	1734	998
0	1694	998
0	1660	994
0	1633	990
0	1608	990
0	1589	1009
0	1571	1024
0	1556	1039
0	1545	1061
0	1541	1103
0	1538	1136
0	1536	1136
0	1535	1110
0	1535	1069
0	1559	1028
0	1646	998
0	1811	971
0	2031	953
0	2270	934
0	2490	930
0	2674	926
0	2816	915
0	2910	904
0	2965	900
0	2978	900
0	2959	911
0	2918	926
0	2855	926
0	2779	934
0	2684	934
0	2584	941
0	2484	956
0	2386	971
0	2296	979
0	2224	986
0	2168	990
0	2116	998
0	2073	1005
0	2034	1013
0	1999	1020
0	1960	1031
0	1920	1039
0	1880	1061
0	1839	1076
0	1798	1103
0	1755	1129
0	1711	1155
0	1669	1196
0	1630	1241
0	1596	1290
0	1568	1350
0	1539	1410
0	1513	1466
0	1489	1541
0	1469	1628
0	1458	1725
0	1448	1819
0	1440	1916
0	1438	2021
0	1436	2115
0	1433	2186
0	1430	2246
0	1428	2306
0	1445	2374
0	1521	2445
0	1676	2513
0	1901	2584
0	2198	2659
0	2548	2741
0	2847	2820
0	3080	2895
0	3239	2955
0	3329	3019
0	3357	3094
0	3337	3176
0	3283	3255
0	3196	3330
0	3085	3405
0	2951	3484
0	2805	3566
0	2651	3656
0	2497	3739
0	2359	3818
0	2238	3900
0	2149	3983
0	2083	4058
0	2034	4095
0	1988	4095
0	1943	4095
0	1892	4095
0	1832	4095
0	1769	4095
0	1703	4095
0	1643	4095
0	1579	4095
1	1516	4095
0	1456	4095
0	1407	4095
0	1367	4095
0	1328	4095
0	1295	4095
0	1265	4095
0	1237	4095
0	1220	4095
0	1209	4095
0	1202	4095
0	1201	4095
0	1194	4095
0	1190	4095
0	1208	3990
0	1286	3866
0	1475	3746
0	1762	3619
0	2098	3503
0	2427	3405
0	2716	3319
0	2945	3229
0	3098	3128
0	3180	3038
0	3201	2955
0	3178	2888
0	3112	2816
0	3012	2745
0	2888	2674
0	2735	2599
0	2574	2520
0	2415	2445
0	2273	2366
0	2163	2295
0	2083	2231
0	2027	2164
0	1986	2104
0	1953	2044
0	1922	1976
0	1883	1913
0	1839	1853
0	1796	1800
0	1748	1744
0	1692	1691
0	1629	1643
0	1579	1601
0	1537	1553
0	1489	1500
0	1447	1466
0	1407	1444
0	1367	1433
0	1330	1418
0	1299	1410
0	1283	1410
0	1274	1421
0	1264	1399
0	1246	1354
0	1244	1294
0	1278	1230
0	1388	1181
0	1608	1140
0	1920	1099
0	2266	1058
0	2587	1031
0	2854	1013
0	3056	983
0	3197	956
0	3274	923
0	3294	904
0	3271	900
0	3211	908
0	3122	908
0	3008	904
0	2879	896
0	2739	893
0	2590	893
0	2447	896
0	2314	900
0	2203	900
0	2118	900
0	2053	900
0	1999	904
0	1950	904
0	1904	900
0	1855	900
0	1806	893
0	1755	896
0	1703	896
0	1649	889
0	1589	889
0	1526	896
0	1468	900
0	1414	900
0	1363	908
0	1316	915
0	1272	938
0	1239	968
0	1218	983
0	1206	1013
0	1194	1061
1	1190	1091
0	1195	1091
0	1201	1065
0	1209	1028
0	1262	986
0	1405	960
0	1654	945
0	1976	923
0	2321	908
0	2639	904
0	2898	900
0	3092	896
0	3213	885
0	3278	878
0	3295	881
0	3266	893
0	3204	908
0	3115	915
0	3001	915
0	2865	923
0	2718	938
0	2571	953
0	2427	968
0	2296	979
0	2189	990
0	2111	998
0	2035	1001
0	1999	1020
0	1960	1031
0	1918	1046
0	1860	1058
0	1804	1069
0	1747	1091
0	1684	1118
0	1617	1148
0	1551	1181
0	1491	1234
0	1439	1298
0	1398	1361
0	1360	1425
0	1320	1496
0	1290	1575
0	1262	1680
0	1239	1785
0	1225	1875
0	1211	1988
0	1201	2089
0	1195	2175
0	1192	2246
0	1192	2318
0	1208	2385
0	1279	2468
0	1460	2546
0	1745	2625
0	2081	2708
0	2415	2801
0	2706	2891
0	2931	2974
0	3087	3045
0	3178	3109
0	3220	3176
0	3220	3263
0	3176	3353
0	3101	3428
0	3005	3506
0	2891	3585
0	2763	3675
0	2622	3765
0	2482	3851
0	2354	3934
0	2238	4016
0	2146	4095
0	2079	4095
0	2028	4095
0	1995	4095
0	1957	4095
0	1908	4095
0	1855	4095
0	1797	4095
0	1740	4095
0	1684	4095
0	1626	4095
0	1566	4095
0	1512	4095
0	1461	4095
0	1419	4095
0	1377	4095
0	1337	4095
0	1307	4095
0	1288	4095
0	1272	4095
0	1262	4095
0	1253	4095
0	1251	4095
0	1283	4095
0	1398	4095
0	1608	4095
0	1895	4095
0	2219	4091
0	2525	3975
1	2772	3848
0	2952	3720
0	3073	3589
0	3134	3476
0	3138	3379
0	3096	3289
0	3026	3199
0	2930	3098
0	2811	3004
0	2676	2906
0	2538	2816
0	2408	2726
0	2291	2629
0	2196	2543
0	2121	2460
0	2058	2385
0	2009	2310
0	1965	2243
0	1922	2171
0	1873	2096
0	1822	2025
0	1773	1950
0	1724	1886
0	1670	1815
0	1615	1740
0	1559	1669
0	1503	1613
0	1456	1590
0	1418	1560
0	1379	1534
0	1348	1515
0	1328	1515
0	1313	1500
0	1299	1455
0	1283	1395
0	1283	1331
0	1335	1275
0	1491	1230
0	1747	1185
0	2056	1140
0	2373	1103
0	2664	1073
0	2910	1050
0	3099	1020
0	3220	986
0	3285	956
0	3301	941
0	3278	941
0	3217	934
0	3129	923
0	3015	915
0	2877	900
0	2725	896
0	2574	893
0	2426	893
0	2289	885
0	2170	878
0	2077	870
0	2011	866
0	1951	866
0	1894	859
0	1843	855
0	1789	851
0	1729	848
0	1664	844
0	1601	840
0	1533	836
0	1461	840
0	1404	844
0	1348	840
0	1306	836
0	1274	851
0	1246	870
0	1220	893
0	1181	908
0	1152	941
0	1134	990
0	1134	1024
0	1138	1016
0	1129	990
0	1125	953
0	1178	919
0	1327	896
0	1593	878
0	1927	855
0	2282	844
0	2622	840
0	2912	836
0	3136	833
0	3290	821
0	3385	814
0	3421	814
0	3406	829
0	3351	840
0	3260	844
0	3134	848
0	2979	851
0	2807	863
0	2637	878
0	2475	896
1	2324	904
0	2198	908
0	2102	915
0	2023	926
0	1953	934
0	1895	941
0	1839	945
0	1782	949
0	1712	953
0	1645	956
0	1584	971
0	1523	983
0	1461	990
0	1407	1009
0	1358	1028
0	1307	1046
0	1264	1076
0	1225	1114
0	1183	1155
0	1146	1200
0	1118	1245
0	1103	1305
0	1094	1380
0	1090	1463
0	1090	1553
0	1083	1661
0	1082	1766
0	1083	1860
0	1085	1931
0	1096	1999
0	1131	2063
0	1244	2130
0	1474	2205
0	1806	2269
0	2196	2344
0	2585	2426
0	2928	2520
0	3204	2599
0	3404	2678
0	3532	2753
0	3591	2831
0	3582	2929
0	3528	3019
0	3441	3098
0	3313	3173
0	3150	3251
0	2966	3330
0	2781	3413
0	2599	3491
0	2424	3563
0	2279	3626
0	2168	3705
0	2088	3780
0	2021	3848
0	1960	3908
0	1909	3968
0	1860	4020
0	1806	4069
0	1740	4095
0	1671	4095
0	1600	4095
0	1530	4095
0	1468	4095
0	1402	4095
0	1349	4095
0	1302	4095
0	1265	4095
0	1232	4095
0	1202	4095
0	1173	4095
0	1150	4095
0	1132	4095
0	1122	4095
0	1120	4088
0	1125	3990
0	1132	3870
0	1143	3754
0	1159	3634
0	1215	3514
0	1370	3398
0	1645	3270
0	2006	3154
0	2392	3049
0	2755	2951
0	3059	2846
0	3281	2730
0	3425	2618
0	3500	2516
0	3509	2430
0	3465	2359
0	3369	2284
0	3234	2209
0	3071	2138
0	2882	2070
0	2686	1991
0	2496	1909
0	2333	1830
0	2196	1763
0	2090	1703
0	2013	1650
1	1955	1601
0	1906	1545
0	1859	1496
0	1806	1448
0	1752	1403
0	1692	1358
0	1628	1320
0	1563	1275
0	1498	1241
0	1439	1211
0	1381	1185
0	1328	1151
0	1283	1121
0	1246	1106
0	1216	1103
0	1187	1095
0	1162	1095
0	1152	1118
0	1146	1140
0	1138	1144
0	1134	1121
0	1136	1076
0	1155	1028
0	1244	986
0	1447	956
0	1771	930
0	2163	896
0	2569	878
0	2940	863
0	3241	851
0	3467	836
0	3619	810
0	3696	803
0	3703	795
0	3659	810
0	3568	818
0	3437	821
0	3276	825
0	3085	833
0	2872	840
0	2658	855
0	2455	866
0	2284	870
0	2147	878
0	2044	878
0	1957	885
0	1887	893
0	1825	896
0	1764	896
0	1701	900
0	1642	896
0	1580	904
0	1517	911
0	1453	915
0	1390	919
0	1327	926
0	1260	941
0	1194	949
0	1139	949
0	1099	956
0	1069	971
0	1041	998
0	1019	1020
0	1006	1046
0	1005	1084
0	1001	1129
0	994	1140
0	989	1125
0	991	1088
0	1013	1039
0	1097	1001
0	1306	975
0	1645	953
0	2070	930
0	2510	919
0	2910	923
0	3245	919
0	3505	911
0	3682	896
0	3780	893
0	3794	896
0	3747	911
0	3649	926
0	3502	926
0	3325	934
0	3120	953
0	2903	968
0	2681	1001
0	2475	1024
0	2296	1050
0	2147	1076
0	2034	1110
0	1946	1148
0	1874	1196
0	1820	1245
0	1766	1294
0	1708	1350
0	1643	1410
0	1580	1485
0	1516	1560
1	1447	1631
0	1374	1710
0	1307	1796
0	1246	1886
0	1188	1976
0	1141	2063
0	1097	2132
0	1062	2189
0	1033	2255
0	1006	2330
0	982	2414
0	961	2486
0	949	2552
0	940	2627
0	943	2690
0	959	2747
0	978	2801
0	999	2864
0	1055	2918
0	1204	2969
0	1498	3017
0	1911	3050
0	2373	3089
0	2816	3137
0	3197	3170
0	3493	3197
0	3703	3218
0	3826	3242
0	3864	3272
0	3822	3299
0	3726	3317
0	3581	3323
0	3399	3326
0	3192	3326
0	2968	3320
0	2741	3302
0	2529	3278
0	2343	3242
0	2200	3197
0	2093	3152
0	2021	3095
0	1973	3035
0	1933	2972
0	1899	2897
0	1868	2822
0	1830	2750
0	1788	2675
0	1745	2597
0	1700	2519
0	1650	2444
0	1603	2360
0	1560	2282
0	1523	2213
0	1484	2159
0	1449	2120
0	1420	2075
0	1396	2024
0	1374	1994
0	1360	1970
0	1354	1931
0	1349	1874
0	1349	1811
0	1363	1748
0	1425	1691
0	1578	1643
0	1819	1592
0	2111	1544
0	2415	1508
0	2691	1478
0	2916	1451
0	3083	1415
0	3183	1379
0	3220	1352
0	3209	1343
0	3159	1337
0	3078	1328
0	2966	1319
0	2828	1310
0	2673	1304
0	2515	1301
0	2361	1292
0	2230	1283
0	2119	1277
0	2028	1277
0	1961	1271
0	1914	1268
0	1876	1268
0	1839	1259
0	1798	1256
0	1754	1250
0	1715	1250
0	1673	1244
0	1629	1244
0	1578	1241
0	1530	1244
0	1485	1250
0	1444	1253
0	1408	1250
0	1376	1256
0	1348	1268
1	1324	1289
0	1310	1304
0	1300	1322
0	1296	1355
0	1296	1388
0	1299	1394
0	1301	1376
0	1304	1343
0	1325	1301
0	1409	1277
0	1590	1256
0	1861	1238
0	2186	1220
0	2514	1217
0	2808	1214
0	3048	1211
0	3225	1208
0	3335	1199
0	3386	1196
0	3384	1202
0	3330	1217
0	3238	1223
0	3121	1226
0	2984	1229
0	2824	1235
0	2655	1247
0	2490	1262
0	2340	1274
0	2211	1283
0	2110	1289
0	2031	1295
0	1968	1307
0	1914	1310
0	1866	1313
0	1823	1319
0	1779	1322
0	1731	1328
0	1681	1331
0	1631	1337
0	1580	1340
0	1528	1340
0	1476	1346
0	1431	1358
0	1395	1364
0	1364	1370
0	1336	1376
0	1314	1391
0	1293	1412
0	1275	1430
0	1264	1451
0	1256	1487
0	1256	1514
0	1264	1517
0	1274	1499
0	1279	1463
0	1294	1430
0	1368	1406
0	1540	1394
0	1809	1379
0	2117	1373
0	2380	1385
0	2622	1409
0	2824	1433
0	2972	1460
0	3065	1484
0	3107	1523
0	3104	1580
0	3059	1637
0	2989	1691
0	2896	1742
0	2782	1799
0	2653	1856
0	2517	1922
0	2382	1994
0	2257	2063
0	2150	2132
0	2064	2216
0	1996	2312
0	1945	2414
0	1908	2519
0	1877	2609
0	1844	2693
0	1810	2771
0	1779	2849
0	1746	2930
0	1713	3017
0	1677	3110
0	1637	3197
0	1594	3281
0	1555	3365
0	1522	3458
0	1494	3551
0	1467	3647
0	1441	3734
0	1424	3797
0	1416	3866
0	1413	3932
0	1411	3992
0	1407	4058
0	1407	4095
1	1417	4095
0	1464	4095
0	1583	4095
0	1778	4095
0	2023	4095
0	2282	4095
0	2518	4095
0	2718	4095
0	2870	4095
0	2967	4095
0	3013	4095
0	3015	4095
0	2973	4095
0	2894	4095
0	2796	4095
0	2677	4095
0	2542	4095
0	2405	4095
0	2278	4095
0	2170	4095
0	2082	4095
0	2016	4095
0	1972	4095
0	1939	4095
0	1913	4095
0	1887	4095
0	1861	4095
0	1830	4095
0	1791	4095
0	1754	4095
0	1714	4095
0	1673	4095
0	1633	4095
0	1596	4095
0	1567	4095
0	1543	4095
0	1522	4095
0	1503	4095
0	1480	4095
0	1461	4095
0	1453	4095
0	1497	4095
0	1621	4095
0	1817	4095
0	2108	4095
0	2282	4095
0	2494	4095
0	2669	4095
0	2795	4095
0	2869	4095
0	2901	4095
0	2889	4095
0	2840	4095
0	2764	4095
0	2666	4095
0	2547	4095
0	2418	4095
0	2289	4095
0	2173	4095
0	2078	4095
0	2005	4095
0	1952	4095
0	1916	4095
0	1885	4095
0	1864	4095
0	1844	4095
0	1818	4095
0	1794	4095
0	1767	4095
0	1741	4095
0	1712	4095
0	1682	4095
0	1652	4095
0	1625	4095
0	1601	4095
0	1577	4095
0	1553	4095
0	1539	4095
0	1558	4095
0	1645	4095
0	1798	4095
0	1999	4095
0	2214	4095
0	2419	4095
0	2602	4095
0	2745	4095
0	2834	4095
0	2877	4095
0	2880	4095
0	2852	4055
0	2798	3956
0	2723	3857
0	2631	3755
0	2524	3647
0	2407	3539
0	2285	3443
0	2175	3356
0	2087	3272
0	2020	3188
0	1973	3101
1	1935	3020
0	1905	2927
0	1875	2813
0	1845	2702
0	1813	2594
0	1780	2495
0	1745	2399
0	1712	2306
0	1680	2237
0	1650	2189
0	1622	2132
0	1590	2063
0	1562	1997
0	1549	1943
0	1572	1886
0	1656	1832
0	1801	1778
0	1992	1736
0	2195	1703
0	2391	1679
0	2559	1658
0	2687	1616
0	2771	1571
0	2813	1535
0	2816	1511
0	2790	1490
0	2741	1463
0	2670	1439
0	2579	1421
0	2476	1409
0	2363	1394
0	2247	1379
0	2138	1355
0	2044	1334
0	1968	1313
0	1911	1298
0	1866	1289
0	1834	1274
0	1806	1256
0	1776	1226
0	1743	1187
0	1706	1151
0	1669	1118
0	1632	1082
0	1593	1043
0	1560	998
0	1529	968
0	1503	947
0	1484	926
0	1469	905
0	1459	896
0	1448	905
0	1439	908
0	1433	875
0	1429	827
0	1434	770
0	1471	719
0	1568	671
0	1731	632
0	1939	590
0	2162	548
0	2368	518
0	2537	491
0	2669	455
0	2757	422
0	2805	392
0	2818	371
0	2801	362
0	2755	347
0	2683	335
0	2592	314
0	2486	296
0	2374	278
0	2265	263
0	2163	257
0	2074	245
0	1997	236
0	1934	227
0	1880	215
0	1838	206
0	1799	200
0	1765	191
0	1731	179
0	1696	173
0	1659	167
0	1621	161
0	1587	158
0	1555	155
0	1524	158
0	1495	158
0	1470	158
0	1449	161
0	1433	161
0	1419	164
0	1411	164
0	1406	173
0	1400	179
0	1391	182
0	1385	191
0	1382	200
1	1383	212
0	1389	224
0	1399	242
0	1409	284
0	1416	335
0	1425	365
0	1435	365
0	1446	347
0	1471	317
0	1535	293
0	1659	278
0	1829	272
0	2012	260
0	2185	260
0	2332	263
0	2440	269
0	2509	269
0	2548	269
0	2557	275
0	2547	287
0	2522	302
0	2481	308
0	2426	308
0	2360	311
0	2286	317
0	2215	329
0	2152	344
0	2094	356
0	2046	374
0	2010	386
0	1979	398
0	1952	410
0	1933	416
0	1913	428
0	1890	440
0	1871	443
0	1853	455
0	1833	461
0	1811	476
0	1786	491
0	1761	515
0	1739	542
0	1722	575
0	1705	608
0	1692	644
0	1681	686
0	1671	731
0	1668	782
0	1666	836
0	1657	893
0	1648	947
0	1643	1004
0	1640	1067
0	1637	1133
0	1641	1199
0	1647	1271
0	1652	1349
0	1658	1421
0	1662	1469
0	1663	1496
0	1665	1511
0	1674	1544
0	1724	1574
0	1820	1604
0	1950	1619
0	2094	1637
0	2226	1661
0	2333	1682
0	2406	1691
0	2448	1691
0	2464	1682
0	2457	1676
0	2430	1667
0	2396	1655
0	2353	1628
0	2303	1592
0	2250	1559
0	2194	1529
0	2142	1508
0	2094	1478
0	2054	1451
0	2025	1421
0	2008	1391
0	1996	1361
0	1989	1334
0	1983	1307
0	1978	1277
0	1974	1244
0	1964	1211
0	1949	1178
0	1932	1148
0	1912	1121
0	1893	1094
0	1876	1076
0	1860	1055
0	1846	1031
0	1834	1013
0	1823	1004
0	1814	992
0	1806	980
1	1796	965
0	1792	962
0	1791	965
0	1791	971
0	1794	974
0	1798	983
0	1801	1004
0	1808	1016
0	1813	1007
0	1815	983
0	1818	950
0	1829	911
0	1872	884
0	1958	863
0	2078	839
0	2215	821
0	2339	815
0	2436	812
0	2499	809
0	2526	803
0	2526	794
0	2509	791
0	2473	797
0	2423	809
0	2367	818
0	2314	821
0	2262	824
0	2206	830
0	2149	842
0	2094	854
0	2052	863
0	2019	866
0	1999	872
0	1990	881
0	1986	887
0	1985	893
0	1983	899
0	1975	902
0	1963	908
0	1945	911
0	1924	917
0	1906	923
0	1889	932
0	1873	941
0	1856	947
0	1846	950
0	1841	956
0	1843	965
0	1843	980
0	1844	986
0	1844	992
0	1841	998
0	1838	1010
0	1829	1028
0	1820	1043
0	1808	1058
0	1801	1088
0	1791	1115
0	1790	1112
0	1791	1094
0	1791	1058
0	1800	1019
0	1846	986
0	1949	965
0	2091	944
0	2255	929
0	2415	926
0	2538	926
0	2618	929
0	2659	929
0	2663	923
0	2631	923
0	2580	935
0	2519	950
0	2455	959
0	2385	962
0	2318	968
0	2250	980
0	2185	995
0	2124	1007
0	2074	1022
0	2039	1031
0	2013	1037
0	2001	1049
0	1999	1055
0	1998	1064
0	1990	1070
0	1985	1079
0	1976	1082
0	1961	1085
0	1945	1094
0	1919	1100
0	1893	1106
0	1870	1115
0	1850	1121
0	1830	1127
0	1819	1133
0	1810	1139
0	1803	1151
0	1801	1160
1	1799	1163
0	1790	1169
0	1783	1178
0	1783	1190
0	1784	1208
0	1785	1226
0	1789	1244
0	1793	1274
0	1794	1295
0	1801	1295
0	1804	1271
0	1805	1235
0	1818	1196
0	1870	1163
0	1975	1136
0	2125	1112
0	2290	1097
0	2446	1091
0	2569	1094
0	2654	1094
0	2695	1091
0	2696	1085
0	2666	1085
0	2613	1100
0	2553	1112
0	2490	1124
0	2424	1127
0	2351	1136
0	2274	1151
0	2200	1163
0	2143	1178
0	2095	1193
0	2063	1196
0	2041	1205
0	2031	1214
0	2030	1226
0	2030	1235
0	2028	1241
0	2021	1244
0	2006	1250
0	1986	1253
0	1966	1262
0	1946	1268
0	1928	1274
0	1909	1283
0	1894	1286
0	1876	1295
0	1858	1304
0	1843	1313
0	1829	1322
0	1818	1325
0	1811	1337
0	1804	1346
0	1798	1364
0	1794	1379
0	1794	1400
0	1791	1427
0	1786	1451
0	1785	1451
0	1789	1427
0	1794	1388
0	1809	1349
0	1858	1316
0	1963	1289
0	2137	1268
0	2371	1247
0	2597	1238
0	2779	1241
0	2898	1241
0	2959	1238
0	2963	1229
0	2921	1229
0	2851	1238
0	2763	1256
0	2665	1265
0	2559	1268
0	2452	1277
0	2350	1292
0	2258	1307
0	2174	1322
0	2100	1334
0	2046	1340
0	2009	1346
0	1990	1355
0	1986	1367
0	1983	1373
0	1981	1382
0	1978	1385
0	1969	1388
0	1953	1394
0	1927	1397
0	1894	1400
0	1866	1403
0	1836	1409
0	1804	1418
0	1778	1427
0	1755	1433
0	1741	1442
0	1727	1454
0	1717	1472
1	1710	1493
0	1708	1508
0	1703	1529
0	1692	1556
0	1692	1568
0	1691	1556
0	1692	1523
0	1698	1487
0	1726	1448
0	1820	1418
0	2000	1391
0	2233	1370
0	2469	1355
0	2667	1352
0	2814	1355
0	2889	1349
0	2914	1343
0	2893	1334
0	2833	1340
0	2753	1352
0	2658	1364
0	2555	1370
0	2452	1373
0	2347	1385
0	2247	1397
0	2161	1412
0	2086	1424
0	2030	1430
0	1999	1436
0	1979	1442
0	1974	1451
0	1979	1460
0	1981	1469
0	1978	1469
0	1967	1475
0	1948	1478
0	1915	1481
0	1881	1487
0	1853	1490
0	1827	1493
0	1806	1505
0	1783	1514
0	1759	1520
0	1738	1523
0	1720	1535
0	1703	1550
0	1689	1571
0	1684	1586
0	1682	1607
0	1680	1634
0	1678	1655
0	1677	1646
0	1678	1622
0	1673	1580
0	1691	1541
0	1773	1508
0	1944	1484
0	2177	1460
0	2424	1439
0	2643	1430
0	2811	1436
0	2912	1436
0	2958	1430
0	2951	1421
0	2905	1421
0	2835	1433
0	2748	1448
0	2653	1454
0	2552	1463
0	2441	1469
0	2331	1481
0	2230	1496
0	2144	1508
0	2077	1517
0	2028	1523
0	1998	1532
0	1988	1541
0	1988	1553
0	1984	1562
0	1962	1571
0	1938	1577
0	1916	1583
0	1886	1592
0	1852	1595
0	1824	1607
0	1796	1619
0	1768	1634
0	1738	1655
0	1712	1676
0	1694	1712
0	1678	1754
0	1666	1814
0	1658	1874
0	1646	1940
0	1640	2015
0	1642	2067
0	1644	2094
0	1642	2117
0	1638	2139
0	1646	2162
1	1714	2187
0	1870	2214
0	2110	2241
0	2382	2271
0	2636	2307
0	2842	2348
0	2984	2393
0	3050	2432
0	3052	2472
0	3010	2517
0	2936	2561
0	2840	2606
0	2738	2646
0	2632	2685
0	2520	2727
0	2402	2768
0	2284	2808
0	2180	2844
0	2088	2877
0	2032	2912
0	2000	2945
0	1982	2972
0	1976	2996
0	1964	3015
0	1954	3029
0	1938	3038
0	1924	3042
0	1908	3042
0	1880	3039
0	1844	3026
0	1810	3008
0	1774	2988
0	1742	2966
0	1720	2951
0	1704	2933
0	1690	2901
0	1676	2867
0	1672	2835
0	1670	2799
0	1660	2760
0	1644	2720
0	1636	2681
0	1650	2643
0	1742	2603
0	1924	2561
0	2162	2517
0	2414	2475
0	2640	2438
0	2804	2400
0	2906	2360
0	2956	2316
0	2954	2276
0	2916	2244
0	2850	2214
0	2760	2187
0	2660	2160
0	2544	2138
0	2426	2114
0	2324	2088
0	2238	2067
0	2166	2045
0	2112	2021
0	2082	1998
0	2064	1979
0	2050	1961
0	2038	1943
0	2022	1926
0	1996	1910
0	1972	1895
0	1948	1881
0	1922	1869
0	1892	1856
0	1850	1842
0	1812	1833
0	1772	1826
0	1736	1823
0	1708	1823
0	1682	1820
0	1666	1829
0	1658	1839
0	1640	1841
0	1618	1829
0	1604	1811
0	1614	1790
0	1692	1772
0	1858	1758
0	2092	1746
0	2350	1734
0	2596	1727
0	2792	1724
0	2920	1719
0	2996	1712
0	3020	1706
0	3006	1700
0	2960	1700
0	2890	1703
0	2802	1706
0	2704	1709
0	2602	1709
0	2502	1710
1	2396	1713
0	2294	1718
0	2206	1722
0	2138	1722
0	2080	1725
0	2042	1725
0	2016	1727
0	1998	1730
0	1982	1731
0	1954	1733
0	1918	1733
0	1880	1731
0	1842	1731
0	1802	1734
0	1768	1736
0	1738	1736
0	1702	1737
0	1662	1740
0	1628	1749
0	1596	1758
0	1564	1766
0	1536	1778
0	1518	1796
0	1506	1806
0	1494	1805
0	1482	1791
0	1480	1770
0	1522	1752
0	1648	1739
0	1858	1727
0	2120	1718
0	2386	1710
0	2618	1707
0	2792	1707
0	2906	1704
0	2970	1700
0	2988	1694
0	2954	1694
0	2894	1698
0	2816	1704
0	2732	1707
0	2634	1709
0	2528	1710
0	2418	1715
0	2306	1722
0	2202	1731
0	2120	1737
0	2064	1737
0	2024	1742
0	1994	1745
0	1968	1751
0	1948	1755
0	1924	1758
0	1896	1761
0	1854	1764
0	1808	1769
0	1768	1775
0	1726	1781
0	1682	1787
0	1642	1797
0	1608	1812
0	1582	1827
0	1552	1847
0	1506	1865
0	1468	1889
0	1446	1919
0	1422	1950
0	1390	1982
0	1366	2022
0	1352	2064
0	1348	2102
0	1338	2130
0	1332	2157
0	1338	2183
0	1396	2211
0	1538	2243
0	1770	2274
0	2054	2307
0	2346	2342
0	2598	2379
0	2802	2415
0	2940	2450
0	3014	2480
0	3030	2511
0	3004	2547
0	2952	2586
0	2876	2624
0	2772	2661
0	2658	2700
0	2544	2741
0	2424	2786
0	2302	2829
0	2200	2871
0	2122	2910
0	2064	2946
0	2026	2982
0	2002	3015
0	1974	3044
0	1938	3071
0	1894	3101
1	1856	3129
0	1802	3159
0	1748	3183
0	1704	3207
0	1666	3228
0	1622	3246
0	1576	3261
0	1530	3275
0	1486	3284
0	1454	3290
0	1420	3296
0	1392	3296
0	1372	3279
0	1360	3260
0	1348	3236
0	1338	3209
0	1336	3170
0	1334	3129
0	1340	3086
0	1380	3039
0	1500	2991
0	1722	2936
0	2000	2883
0	2286	2835
0	2542	2789
0	2742	2741
0	2876	2690
0	2952	2640
0	2972	2597
0	2942	2559
0	2880	2526
0	2798	2490
0	2702	2457
0	2592	2426
0	2466	2393
0	2348	2360
0	2240	2324
0	2148	2291
0	2088	2259
0	2050	2229
0	2022	2199
0	1998	2174
0	1976	2145
0	1954	2120
0	1924	2091
0	1884	2064
0	1844	2037
0	1794	2009
0	1744	1985
0	1682	1959
0	1628	1935
0	1586	1913
0	1546	1895
0	1506	1881
0	1472	1869
0	1440	1854
0	1416	1845
0	1402	1842
0	1394	1844
0	1382	1833
0	1368	1811
0	1354	1785
0	1384	1760
0	1496	1739
0	1706	1722
0	1986	1706
0	2280	1689
0	2554	1677
0	2780	1668
0	2952	1659
0	3064	1647
0	3120	1637
0	3128	1626
0	3098	1625
0	3040	1626
0	2968	1628
0	2874	1625
0	2768	1623
0	2646	1622
0	2512	1620
0	2384	1623
0	2270	1625
0	2186	1623
0	2124	1623
0	2070	1625
0	2026	1628
0	1976	1631
0	1926	1631
0	1870	1626
0	1812	1626
0	1760	1623
0	1698	1623
0	1636	1623
0	1574	1625
0	1520	1626
0	1472	1631
0	1430	1631
0	1390	1632
0	1348	1637
0	1314	1641
1	1288	1650
0	1272	1656
0	1256	1667
0	1244	1685
0	1232	1704
0	1228	1703
0	1226	1692
0	1224	1674
0	1256	1656
0	1380	1644
0	1616	1635
0	1916	1625
0	2240	1617
0	2544	1616
0	2798	1617
0	2988	1614
0	3116	1611
0	3188	1608
0	3206	1610
0	3178	1616
0	3120	1620
0	3038	1625
0	2938	1628
0	2820	1634
0	2686	1643
0	2550	1652
0	2424	1662
0	2314	1671
0	2220	1683
0	2142	1694
0	2082	1706
0	2032	1722
0	1984	1739
0	1940	1755
0	1886	1775
0	1824	1794
0	1756	1815
0	1688	1839
0	1626	1863
0	1562	1889
0	1508	1920
0	1456	1955
0	1402	1992
0	1356	2028
0	1314	2066
0	1276	2106
0	1250	2153
0	1228	2201
0	1212	2246
0	1196	2294
0	1186	2342
0	1172	2381
0	1166	2412
0	1158	2442
0	1162	2475
0	1204	2507
0	1348	2541
0	1600	2573
0	1914	2603
0	2246	2637
0	2554	2673
0	2806	2709
0	2990	2739
0	3106	2765
0	3168	2790
0	3178	2820
0	3150	2849
0	3092	2874
0	2998	2895
0	2878	2919
0	2736	2945
0	2588	2975
0	2450	3006
0	2324	3033
0	2218	3057
0	2136	3080
0	2072	3098
0	2018	3111
0	1978	3119
0	1942	3119
0	1906	3113
0	1858	3104
0	1804	3092
0	1746	3077
0	1682	3056
0	1618	3027
0	1552	2997
0	1496	2963
0	1450	2931
0	1408	2901
0	1372	2858
0	1346	2810
0	1322	2766
0	1298	2724
0	1274	2676
0	1252	2625
0	1234	2577
0	1246	2531
0	1324	2489
0	1506	2448
1	1772	2405
0	2076	2364
0	2378	2333
0	2634	2301
0	2832	2267
0	2964	2232
0	3038	2196
0	3066	2169
0	3058	2147
0	3012	2124
0	2936	2102
0	2826	2078
0	2698	2052
0	2554	2027
0	2402	2000
0	2266	1973
0	2158	1947
0	2076	1926
0	2004	1905
0	1956	1889
0	1922	1872
0	1888	1854
0	1850	1838
0	1796	1820
0	1734	1803
0	1674	1790
0	1614	1775
0	1554	1763
0	1498	1748
0	1448	1737
0	1400	1734
0	1364	1731
0	1328	1727
0	1294	1728
0	1278	1739
0	1254	1745
0	1228	1737
0	1206	1719
0	1202	1698
0	1250	1677
0	1404	1664
0	1656	1653
0	1964	1641
0	2292	1632
0	2596	1626
0	2846	1622
0	3032	1616
0	3158	1607
0	3228	1599
0	3244	1598
0	3226	1599
0	3176	1604
0	3094	1605
0	2984	1605
0	2856	1605
0	2720	1605
0	2572	1610
0	2418	1613
0	2290	1614
0	2180	1614
0	2098	1614
0	2030	1616
0	1974	1617
0	1920	1619
0	1852	1617
0	1778	1617
0	1710	1616
0	1650	1617
0	1584	1616
0	1510	1619
0	1436	1620
0	1368	1622
0	1304	1623
0	1256	1628
0	1216	1635
0	1188	1644
0	1164	1652
0	1138	1665
0	1114	1685
0	1096	1698
0	1084	1697
0	1076	1685
0	1082	1665
0	1134	1649
0	1272	1640
0	1518	1629
0	1844	1620
0	2190	1614
0	2518	1613
0	2800	1613
0	3014	1610
0	3164	1605
0	3252	1602
0	3278	1605
0	3264	1610
0	3220	1616
0	3144	1619
0	3044	1620
0	2922	1623
0	2770	1626
1	2598	1632
0	2434	1638
0	2296	1641
0	2182	1646
0	2090	1649
0	2012	1652
0	1936	1656
0	1874	1658
0	1814	1659
0	1752	1661
0	1688	1662
0	1618	1664
0	1546	1667
0	1480	1668
0	1420	1673
0	1368	1677
0	1322	1685
0	1278	1691
0	1234	1697
0	1194	1706
0	1162	1719
0	1136	1736
0	1120	1755
0	1108	1781
0	1094	1811
0	1094	1838
0	1104	1853
0	1114	1863
0	1138	1875
0	1200	1890
0	1350	1911
0	1602	1934
0	1928	1958
0	2278	1986
0	2602	2019
0	2884	2063
0	3104	2129
0	3254	2192
0	3338	2252
0	3360	2327
0	3334	2402
0	3266	2471
0	3162	2540
0	3034	2606
0	2880	2675
0	2714	2750
0	2544	2831
0	2384	2906
0	2244	2975
0	2132	3047
0	2042	3119
0	1970	3197
0	1918	3254
0	1870	3311
0	1818	3362
0	1764	3410
0	1706	3458
0	1644	3509
0	1582	3560
0	1518	3611
0	1448	3653
0	1380	3683
0	1324	3707
0	1282	3731
0	1248	3752
0	1220	3770
0	1188	3773
0	1158	3746
0	1144	3713
0	1142	3671
0	1152	3608
0	1148	3527
0	1138	3449
0	1146	3371
0	1218	3290
0	1392	3209
0	1664	3122
0	1996	3044
0	2344	2975
0	2662	2900
0	2930	2828
0	3136	2744
0	3270	2663
0	3338	2591
0	3340	2543
0	3292	2492
0	3212	2441
0	3102	2387
0	2960	2336
0	2786	2279
0	2610	2228
0	2448	2174
0	2308	2123
0	2192	2075
0	2106	2030
0	2046	1985
0	2002	1943
0	1954	1901
0	1904	1859
0	1846	1820
1	1790	1778
0	1726	1745
0	1656	1706
0	1570	1673
0	1492	1640
0	1424	1604
0	1372	1583
0	1324	1568
0	1278	1559
0	1242	1553
0	1212	1550
0	1188	1568
0	1172	1580
0	1164	1568
0	1158	1532
0	1156	1493
0	1188	1454
0	1312	1421
0	1550	1400
0	1876	1373
0	2236	1355
0	2588	1346
0	2888	1343
0	3120	1334
0	3302	1319
0	3418	1304
0	3474	1295
0	3486	1295
0	3454	1304
0	3370	1301
0	3246	1295
0	3084	1289
0	2902	1286
0	2714	1289
0	2532	1289
0	2370	1286
0	2236	1283
0	2124	1283
0	2032	1280
0	1954	1283
0	1888	1283
0	1826	1280
0	1772	1277
0	1708	1274
0	1634	1274
0	1564	1271
0	1496	1271
0	1426	1274
0	1364	1277
0	1300	1274
0	1248	1277
0	1200	1283
0	1158	1289
0	1120	1307
0	1094	1316
0	1068	1337
0	1052	1370
0	1042	1400
0	1036	1397
0	1040	1376
0	1048	1346
0	1084	1313
0	1200	1283
0	1430	1265
0	1766	1250
0	2144	1238
0	2520	1235
0	2854	1235
0	3122	1235
0	3320	1226
0	3448	1211
0	3508	1214
0	3518	1223
0	3474	1232
0	3394	1238
0	3270	1238
0	3112	1244
0	2932	1250
0	2746	1262
0	2558	1274
0	2388	1283
0	2248	1289
0	2138	1292
0	2050	1298
0	1978	1307
0	1914	1313
0	1852	1319
0	1788	1322
0	1718	1325
0	1652	1325
0	1584	1331
0	1516	1334
0	1452	1340
0	1390	1343
0	1324	1352
0	1264	1358
0	1214	1367
0	1166	1376
0	1118	1391
0	1084	1418
1	1060	1439
0	1038	1469
0	1026	1511
0	1026	1550
0	1028	1565
0	1026	1562
0	1032	1556
0	1074	1550
0	1194	1559
0	1428	1580
0	1762	1607
0	2154	1643
0	2540	1691
0	2882	1748
0	3166	1802
0	3372	1856
0	3506	1907
0	3570	1967
0	3570	2036
0	3518	2108
0	3426	2180
0	3290	2243
0	3126	2318
0	2940	2393
0	2742	2471
0	2544	2552
0	2362	2624
0	2208	2702
0	2084	2780
0	1994	2858
0	1926	2936
0	1856	3005
0	1794	3074
0	1736	3143
0	1676	3206
0	1610	3272
0	1540	3335
0	1472	3395
0	1402	3458
0	1338	3518
0	1278	3572
0	1224	3617
0	1178	3662
0	1140	3710
0	1108	3761
0	1078	3812
0	1058	3839
0	1044	3854
0	1034	3863
0	1030	3860
0	1020	3833
0	1010	3803
0	1020	3767
0	1078	3722
0	1226	3662
0	1488	3593
0	1846	3503
0	2250	3416
0	2638	3335
0	2978	3251
0	3250	3152
0	3438	3056
0	3548	2963
0	3580	2888
0	3550	2819
0	3466	2747
0	3340	2678
0	3176	2612
0	2982	2543
0	2780	2474
0	2582	2411
0	2406	2348
0	2260	2285
0	2146	2231
0	2060	2180
0	2002	2132
0	1950	2087
0	1902	2087
0	1850	2009
0	1790	1964
0	1724	1922
0	1658	1883
0	1590	1847
0	1520	1814
0	1452	1778
0	1386	1742
0	1324	1718
0	1268	1697
0	1218	1682
0	1178	1667
0	1144	1658
0	1116	1661
0	1096	1664
0	1084	1655
0	1074	1622
0	1070	1580
0	1086	1532
0	1182	1499
0	1410	1469
0	1752	1439
1	2146	1409
0	2546	1394
0	2914	1382
0	3218	1367
0	3450	1346
0	3606	1322
0	3684	1310
0	3696	1310
0	3644	1313
0	3540	1313
0	3402	1310
0	3238	1310
0	3042	1307
0	2828	1313
0	2616	1319
0	2422	1319
0	2266	1322
0	2138	1322
0	2030	1325
0	1942	1328
0	1878	1334
0	1814	1334
0	1740	1331
0	1668	1328
0	1594	1328
0	1518	1328
0	1454	1328
0	1394	1328
0	1326	1331
0	1258	1340
0	1190	1340
0	1126	1343
0	1070	1346
0	1024	1355
0	1000	1367
0	988	1385
0	972	1403
0	960	1433
0	956	1463
0	958	1469
0	954	1451
0	958	1418
0	986	1385
0	1082	1355
0	1302	1334
0	1646	1313
0	2060	1298
0	2488	1292
0	2884	1292
0	3216	1292
0	3472	1283
0	3646	1277
0	3746	1274
0	3756	1280
0	3702	1289
0	3612	1295
0	3480	1295
0	3318	1295
0	3126	1301
0	2914	1310
0	2694	1322
0	2488	1337
0	2314	1343
0	2168	1352
0	2054	1355
0	1978	1364
0	1922	1370
0	1867	1376
0	1815	1376
0	1755	1376
0	1698	1379
0	1635	1379
0	1566	1382
0	1505	1382
0	1449	1385
0	1391	1388
0	1335	1394
0	1285	1400
0	1237	1403
0	1202	1412
0	1176	1427
0	1150	1442
0	1132	1457
0	1118	1475
0	1103	1505
0	1097	1535
0	1101	1538
0	1106	1517
0	1115	1478
0	1145	1439
0	1239	1412
0	1446	1388
0	1757	1367
0	2125	1349
0	2497	1346
0	2839	1346
0	3131	1346
0	3355	1346
0	3500	1343
0	3567	1349
1	3574	1364
0	3535	1388
0	3448	1400
0	3318	1415
0	3162	1430
0	2984	1451
0	2793	1481
0	2604	1514
0	2429	1547
0	2277	1574
0	2154	1613
0	2056	1652
0	1981	1703
0	1916	1754
0	1853	1805
0	1792	1859
0	1729	1916
0	1663	1976
0	1594	2042
0	1531	2111
0	1465	2177
0	1404	2249
0	1348	2321
0	1292	2396
0	1248	2462
0	1211	2531
0	1169	2600
0	1129	2681
0	1104	2765
0	1092	2849
0	1083	2927
0	1080	3011
0	1078	3095
0	1078	3158
0	1076	3221
0	1076	3290
0	1111	3353
0	1215	3422
0	1433	3482
0	1757	3542
0	2149	3605
0	2546	3671
0	2903	3734
0	3192	3788
0	3397	3836
0	3528	3881
0	3584	3935
0	3575	3989
0	3509	4037
0	3399	4076
0	3250	4095
0	3078	4095
0	2889	4095
0	2690	4095
0	2492	4095
0	2319	4095
0	2184	4095
0	2093	4095
0	2025	4095
0	1969	4091
0	1925	4028
0	1876	3956
0	1824	3875
0	1769	3788
0	1712	3698
0	1649	3602
0	1584	3506
0	1523	3410
0	1465	3326
0	1409	3260
0	1356	3191
0	1318	3116
0	1290	3041
0	1265	2981
0	1244	2915
0	1225	2831
0	1208	2744
0	1197	2663
0	1223	2588
0	1344	2513
0	1580	2441
0	1894	2366
0	2184	2306
0	2424	2258
0	2634	2207
0	2800	2153
0	2915	2087
0	2984	2029
0	3006	1973
0	2984	1928
0	2923	1886
0	2834	1841
0	2721	1796
0	2594	1751
0	2463	1706
0	2329	1661
0	2209	1620
0	2113	1579
0	2036	1545
0	1978	1519
1	1930	1485
0	1893	1455
0	1863	1418
0	1833	1388
0	1798	1361
0	1759	1331
0	1720	1305
0	1675	1283
0	1633	1256
0	1594	1253
0	1554	1249
0	1515	1245
0	1485	1256
0	1463	1286
0	1445	1313
0	1429	1301
0	1414	1268
0	1405	1219
0	1423	1178
0	1496	1148
0	1651	1121
0	1878	1095
0	2131	1080
0	2385	1069
0	2610	1065
0	2800	1061
0	2943	1043
0	3031	1028
0	3071	1024
0	3066	1035
0	3024	1043
0	2953	1043
0	2854	1046
0	2735	1043
0	2606	1050
0	2474	1061
0	2341	1076
0	2221	1084
0	2123	1084
0	2039	1088
0	1973	1091
0	1921	1095
0	1874	1106
0	1829	1106
0	1789	1099
0	1751	1099
0	1711	1103
0	1663	1103
0	1618	1103
0	1576	1110
0	1539	1118
0	1503	1136
0	1466	1163
0	1439	1178
0	1419	1211
0	1405	1256
0	1398	1283
0	1389	1275
0	1380	1234
0	1378	1193
0	1395	1151
0	1478	1125
0	1641	1103
0	1861	1084
0	2106	1069
0	2349	1069
0	2560	1069
0	2730	1061
0	2854	1046
0	2933	1035
0	2965	1039
0	2953	1054
0	2910	1061
0	2843	1073
0	2754	1069
0	2645	1076
0	2528	1088
0	2404	1103
0	2281	1121
0	2175	1133
0	2088	1140
0	2018	1144
0	1961	1159
0	1916	1166
0	1881	1174
0	1843	1178
0	1804	1185
0	1766	1193
0	1725	1204
0	1684	1215
0	1646	1226
0	1609	1245
0	1569	1275
0	1533	1294
0	1504	1320
0	1479	1358
0	1459	1403
0	1438	1463
0	1418	1519
0	1404	1594
1	1399	1673
0	1395	1744
0	1394	1785
0	1394	1808
0	1396	1834
0	1419	1875
0	1499	1931
0	1649	1991
0	1851	2051
0	2069	2126
0	2241	2213
0	2392	2299
0	2506	2378
0	2586	2453
0	2633	2528
0	2649	2625
0	2643	2726
0	2622	2824
0	2584	2914
0	2528	3008
0	2458	3105
0	2378	3203
0	2298	3304
0	2222	3401
0	2155	3488
0	2100	3570
0	2057	3664
0	2024	3750
0	1990	3833
0	1958	3904
0	1929	3968
0	1902	4035
0	1876	4095
0	1846	4095
0	1817	4095
0	1788	4095
0	1756	4095
0	1725	4095
0	1696	4095
0	1671	4095
0	1653	4095
0	1639	4095
0	1628	4095
0	1620	4095
0	1613	4095
0	1607	4095
0	1601	4095
0	1595	4095
0	1589	4095
0	1590	4095
0	1610	4095
0	1672	4095
0	1779	3986
0	1919	3866
0	2072	3758
0	2212	3656
0	2326	3544
0	2408	3424
0	2462	3300
0	2491	3188
0	2493	3090
0	2473	3000
0	2441	2899
0	2400	2794
0	2347	2689
0	2288	2595
0	2226	2501
0	2164	2423
0	2115	2351
0	2079	2284
0	2049	2224
0	2029	2164
0	2013	2111
0	1999	2059
0	1982	2003
0	1964	1943
0	1944	1886
0	1919	1826
0	1892	1770
0	1865	1721
0	1837	1673
0	1810	1631
0	1786	1583
0	1763	1545
0	1744	1519
0	1730	1511
0	1721	1500
0	1709	1489
0	1704	1508
0	1700	1526
0	1700	1530
0	1696	1493
0	1690	1440
0	1692	1388
0	1724	1343
0	1801	1309
0	1919	1275
0	2056	1245
0	2194	1223
0	2315	1211
1	2412	1193
0	2477	1170
0	2512	1148
0	2524	1136
0	2517	1133
0	2496	1136
0	2466	1144
0	2426	1136
0	2375	1133
0	2316	1129
0	2252	1133
0	2194	1140
0	2144	1144
0	2104	1148
0	2074	1148
0	2050	1144
0	2029	1144
0	2010	1144
0	1993	1144
0	1970	1144
0	1946	1144
0	1920	1136
0	1892	1136
0	1862	1136
0	1835	1136
0	1814	1136
0	1800	1136
0	1782	1144
0	1763	1151
0	1744	1159
0	1725	1163
0	1708	1163
0	1699	1178
0	1693	1196
0	1688	1208
0	1682	1234
0	1677	1279
0	1670	1316
0	1664	1316
0	1665	1298
0	1671	1256
0	1686	1215
0	1734	1185
0	1834	1163
0	1968	1136
0	2112	1125
0	2245	1118
0	2357	1118
0	2436	1110
0	2490	1103
0	2521	1091
0	2525	1095
0	2510	1110
0	2483	1121
0	2445	1129
0	2402	1136
0	2352	1136
0	2298	1144
0	2241	1151
0	2187	1174
0	2138	1185
0	2096	1196
0	2066	1204
0	2042	1215
0	2022	1226
0	2005	1234
0	1992	1241
0	1975	1241
0	1955	1241
0	1932	1245
0	1909	1253
0	1888	1260
0	1865	1264
0	1841	1275
0	1820	1279
0	1800	1283
0	1782	1294
0	1767	1301
0	1755	1316
0	1741	1324
0	1727	1335
0	1718	1346
0	1714	1376
0	1711	1403
0	1704	1429
0	1697	1481
0	1694	1541
0	1696	1590
0	1698	1605
0	1697	1613
0	1700	1609
0	1721	1620
0	1782	1650
0	1891	1684
0	2034	1718
0	2187	1774
0	2321	1845
0	2425	1916
0	2497	1980
0	2540	2040
1	2556	2111
0	2554	2194
0	2535	2288
0	2501	2374
0	2458	2456
0	2409	2539
0	2354	2636
0	2294	2730
0	2236	2831
0	2185	2933
0	2141	3026
0	2102	3116
0	2074	3214
0	2058	3311
0	2045	3405
0	2029	3491
0	2011	3574
0	1991	3656
0	1969	3735
0	1947	3814
0	1920	3896
0	1896	3983
0	1873	4069
0	1849	4095
0	1824	4095
0	1801	4095
0	1784	4095
0	1770	4095
0	1758	4095
0	1747	4095
0	1737	4095
0	1727	4095
0	1722	4095
0	1717	4095
0	1712	4095
0	1709	4095
0	1712	4095
0	1717	4095
0	1719	4095
0	1723	4095
0	1748	4095
0	1821	4095
0	1937	4095
0	2090	4095
0	2275	4095
0	2438	4095
0	2568	4095
0	2660	4095
0	2706	4095
0	2711	4095
0	2690	4095
0	2649	4095
0	2596	4020
0	2531	3896
0	2454	3780
0	2370	3664
0	2288	3540
0	2216	3424
0	2163	3304
0	2126	3206
0	2109	3109
0	2099	3015
0	2088	2921
0	2074	2828
0	2060	2738
0	2044	2644
0	2018	2550
0	1991	2464
0	1963	2381
0	1936	2310
0	1906	2243
0	1874	2171
0	1841	2104
0	1813	2044
0	1788	1999
0	1768	1961
0	1749	1916
0	1730	1871
0	1718	1841
0	1710	1826
0	1704	1811
0	1700	1759
0	1695	1684
0	1695	1605
0	1718	1541
0	1794	1489
0	1938	1440
0	2123	1391
0	2314	1346
0	2488	1313
0	2626	1290
0	2723	1260
0	2775	1219
0	2801	1185
0	2801	1155
0	2779	1148
0	2738	1148
0	2681	1140
0	2619	1129
0	2543	1118
1	2461	1106
0	2378	1099
0	2299	1095
0	2229	1080
0	2175	1069
0	2135	1061
0	2101	1054
0	2079	1050
0	2058	1043
0	2029	1035
0	1998	1028
0	1961	1020
0	1921	1016
0	1890	1009
0	1856	1005
0	1820	998
0	1780	998
0	1745	1001
0	1711	1009
0	1681	1009
0	1654	1016
0	1626	1020
0	1608	1028
0	1594	1035
0	1579	1050
0	1569	1061
0	1565	1095
0	1563	1136
0	1559	1163
0	1559	1151
0	1561	1118
0	1570	1065
0	1619	1028
0	1736	1001
0	1918	975
0	2129	953
0	2345	938
0	2536	934
0	2686	934
0	2791	930
0	2860	915
0	2893	911
0	2898	919
0	2871	938
0	2826	949
0	2766	956
0	2689	956
0	2604	964
0	2516	975
0	2423	990
0	2333	1001
0	2254	1013
0	2195	1028
0	2150	1043
0	2115	1054
0	2088	1069
0	2055	1084
0	2007	1095
0	1944	1106
0	1880	1129
0	1825	1151
0	1769	1178
0	1710	1208
0	1649	1245
0	1598	1290
0	1552	1335
0	1509	1388
0	1468	1444
0	1430	1500
0	1395	1568
0	1363	1646
0	1332	1733
0	1307	1819
0	1292	1916
0	1278	2021
0	1267	2099
0	1258	2150
0	1258	2198
0	1260	2249
0	1306	2303
0	1437	2357
0	1671	2411
0	1972	2456
0	2289	2513
0	2576	2579
0	2821	2633
0	3007	2684
0	3134	2732
0	3204	2780
0	3218	2837
0	3194	2909
0	3138	2975
0	3054	3041
0	2942	3110
0	2807	3179
0	2667	3260
0	2529	3335
0	2391	3407
0	2273	3482
0	2189	3551
1	2123	3620
0	2076	3686
0	2032	3746
0	1988	3800
0	1944	3851
0	1897	3893
0	1845	3935
0	1785	3971
0	1726	4007
0	1664	4031
0	1603	4043
0	1549	4049
0	1500	4043
0	1456	4034
0	1409	4028
0	1369	4001
0	1330	3947
0	1302	3890
0	1286	3827
0	1276	3749
0	1262	3656
0	1258	3563
0	1265	3470
0	1311	3383
0	1442	3284
0	1670	3182
0	1962	3083
0	2272	2993
0	2555	2912
0	2790	2822
0	2966	2729
0	3078	2633
0	3136	2555
0	3145	2489
0	3112	2432
0	3040	2372
0	2938	2321
0	2816	2270
0	2678	2219
0	2532	2162
0	2396	2108
0	2280	2108
0	2184	1994
0	2102	1952
0	2037	1910
0	1981	1868
0	1939	1826
0	1899	1784
0	1853	1742
0	1813	1700
0	1764	1667
0	1705	1634
0	1647	1598
0	1591	1559
0	1537	1532
0	1488	1517
0	1439	1505
0	1398	1490
0	1365	1484
0	1339	1496
0	1314	1502
0	1295	1484
0	1279	1448
0	1267	1397
0	1292	1355
0	1395	1319
0	1600	1295
0	1883	1262
0	2218	1238
0	2564	1223
0	2860	1214
0	3102	1202
0	3280	1184
0	3386	1166
0	3420	1157
0	3404	1160
0	3358	1166
0	3280	1169
0	3170	1172
0	3022	1169
0	2852	1169
0	2672	1175
0	2488	1181
0	2324	1184
0	2184	1187
0	2070	1181
0	1982	1184
0	1910	1190
0	1840	1190
0	1778	1190
0	1712	1190
0	1642	1187
0	1572	1184
0	1504	1187
0	1442	1193
0	1384	1196
0	1320	1196
0	1262	1199
0	1218	1208
0	1178	1223
1	1140	1241
0	1110	1250
0	1086	1274
0	1060	1313
0	1036	1337
0	1018	1334
0	1002	1304
0	994	1265
0	1036	1232
0	1182	1214
0	1438	1199
0	1774	1181
0	2148	1169
0	2506	1166
0	2812	1169
0	3056	1169
0	3228	1163
0	3326	1160
0	3370	1163
0	3364	1175
0	3316	1190
0	3236	1193
0	3120	1193
0	2974	1199
0	2808	1211
0	2624	1223
0	2444	1238
0	2292	1244
0	2170	1253
0	2066	1262
0	1980	1268
0	1914	1280
0	1862	1289
0	1808	1292
0	1756	1295
0	1698	1295
0	1630	1298
0	1556	1298
0	1492	1307
0	1434	1307
0	1372	1313
0	1312	1322
0	1262	1331
0	1210	1334
0	1170	1340
0	1142	1349
0	1112	1361
0	1094	1379
0	1076	1397
0	1070	1427
0	1070	1460
0	1066	1490
0	1064	1493
0	1064	1475
0	1074	1445
0	1122	1424
0	1256	1415
0	1510	1412
0	1854	1415
0	2232	1433
0	2596	1463
0	2918	1502
0	3172	1535
0	3350	1565
0	3456	1598
0	3496	1646
0	3476	1709
0	3410	1775
0	3310	1838
0	3186	1901
0	3034	1964
0	2864	2039
0	2682	2114
0	2500	2195
0	2342	2267
0	2222	2339
0	2132	2408
0	2060	2477
0	1998	2546
0	1940	2612
0	1892	2672
0	1834	2732
0	1766	2795
0	1692	2858
0	1622	2924
0	1554	2987
0	1488	3053
0	1432	3113
0	1374	3176
0	1314	3236
0	1272	3287
0	1232	3344
0	1196	3398
0	1162	3467
0	1132	3542
0	1114	3608
0	1110	3656
0	1100	3707
0	1104	3752
0	1106	3779
1	1106	3812
0	1108	3845
0	1132	3875
0	1226	3893
0	1440	3899
0	1762	3887
0	2132	3869
0	2506	3848
0	2834	3818
0	3098	3770
0	3282	3707
0	3392	3635
0	3436	3569
0	3426	3500
0	3372	3425
0	3282	3341
0	3158	3257
0	3004	3173
0	2832	3089
0	2660	2999
0	2492	2915
0	2354	2831
0	2254	2756
0	2176	2687
0	2110	2615
0	2050	2543
0	1998	2477
0	1944	2411
0	1884	2342
0	1824	2279
0	1758	2213
0	1686	2150
0	1614	2096
0	1546	2045
0	1482	1991
0	1426	1943
0	1368	1901
0	1318	1877
0	1274	1859
0	1234	1835
0	1204	1817
0	1186	1814
0	1176	1811
0	1170	1787
0	1172	1748
0	1170	1697
0	1204	1652
0	1320	1613
0	1546	1577
0	1870	1541
0	2238	1511
0	2596	1487
0	2916	1469
0	3172	1442
0	3352	1415
0	3458	1382
0	3498	1364
0	3498	1355
0	3454	1358
0	3374	1352
0	3252	1346
0	3102	1340
0	2928	1334
0	2736	1331
0	2552	1334
0	2390	1328
0	2256	1328
0	2144	1325
0	2052	1325
0	1984	1322
0	1916	1322
0	1852	1316
0	1788	1316
0	1728	1316
0	1666	1316
0	1598	1313
0	1530	1316
0	1464	1319
0	1408	1325
0	1358	1331
0	1314	1334
0	1268	1337
0	1226	1343
0	1188	1355
0	1160	1373
0	1128	1382
0	1100	1406
0	1084	1436
0	1074	1454
0	1060	1445
0	1050	1418
0	1046	1382
0	1086	1349
0	1234	1328
0	1508	1310
0	1868	1292
0	2264	1280
0	2634	1280
0	2954	1280
0	3216	1274
1	3406	1262
0	3516	1253
0	3560	1256
0	3544	1265
0	3484	1277
0	3388	1280
0	3260	1280
0	3100	1283
0	2914	1289
0	2722	1304
0	2536	1313
0	2370	1319
0	2236	1325
0	2130	1331
0	2044	1340
0	1968	1346
0	1894	1349
0	1822	1352
0	1754	1349
0	1678	1352
0	1608	1355
0	1546	1361
0	1488	1364
0	1420	1370
0	1352	1373
0	1292	1376
0	1234	1385
0	1182	1391
0	1140	1397
0	1106	1400
0	1076	1403
0	1056	1415
0	1038	1433
0	1014	1445
0	992	1463
0	988	1493
0	994	1517
0	1000	1514
0	1006	1490
0	1016	1454
0	1050	1415
0	1170	1382
0	1416	1355
0	1774	1337
0	2200	1316
0	2620	1313
0	2996	1319
0	3298	1316
0	3522	1310
0	3668	1301
0	3732	1298
0	3732	1307
0	3678	1322
0	3584	1325
0	3454	1328
0	3292	1331
0	3094	1337
0	2876	1346
0	2674	1358
0	2494	1370
0	2338	1373
0	2210	1382
0	2112	1391
0	2036	1400
0	1972	1406
0	1910	1415
0	1848	1415
0	1788	1421
0	1724	1424
0	1650	1430
0	1572	1433
0	1494	1439
0	1424	1442
0	1356	1448
0	1294	1457
0	1238	1469
0	1180	1484
0	1138	1496
0	1102	1511
0	1060	1526
0	1020	1550
0	1000	1580
0	990	1607
0	982	1652
0	980	1697
0	982	1730
0	988	1742
0	994	1742
0	1008	1745
0	1076	1760
0	1260	1787
0	1578	1814
0	1988	1850
0	2424	1895
0	2832	1952
0	3184	2015
0	3452	2066
0	3634	2134
0	3738	2201
0	3774	2288
1	3742	2378
0	3662	2464
0	3542	2539
0	3378	2625
0	3180	2711
0	2958	2794
0	2740	2884
0	2540	2966
0	2368	3049
0	2226	3131
0	2106	3221
0	2018	3308
0	1948	3383
0	1886	3454
0	1820	3521
0	1760	3589
0	1694	3668
0	1620	3743
0	1536	3818
0	1452	3896
0	1380	3975
0	1314	4046
0	1262	4095
0	1212	4095
0	1162	4095
0	1124	4095
0	1092	4095
0	1062	4095
0	1028	4095
0	1004	4095
0	990	4095
0	978	4095
0	968	4095
0	968	4095
0	972	4095
0	1010	4095
0	1142	4095
0	1416	4095
0	1810	4009
0	2260	3896
0	2694	3788
0	3060	3675
0	3348	3548
0	3548	3416
0	3660	3296
0	3692	3203
0	3652	3120
0	3560	3034
0	3428	2940
0	3256	2854
0	3058	2768
0	2842	2681
0	2624	2599
0	2426	2516
0	2270	2441
0	2152	2374
0	2066	2306
0	2002	2246
0	1946	2175
0	1898	2111
0	1840	2111
0	1766	1991
0	1696	1931
0	1632	1875
0	1574	1823
0	1510	1774
0	1442	1725
0	1378	1676
0	1306	1643
0	1244	1613
0	1192	1594
0	1144	1583
0	1100	1564
0	1068	1568
0	1046	1575
0	1034	1571
0	1020	1538
0	1012	1485
0	1018	1421
0	1076	1369
0	1258	1331
0	1578	1301
0	1988	1264
0	2432	1238
0	2846	1215
0	3202	1200
0	3472	1181
0	3664	1163
0	3778	1136
0	3820	1129
0	3806	1133
0	3726	1136
0	3604	1140
0	3438	1136
0	3236	1133
0	3014	1136
0	2780	1136
0	2562	1140
0	2366	1140
0	2204	1140